Tempo gasto: 7 milisegundos para ordenar 2000 elementos


34453
39666
40951
54821
57766
74802
77482
118120
136656
236801
256930
270067
296142
301197
325333
327712
339613
348577
368573
406726
408770
412485
429442
443598
486114
487806
507025
510751
511221
514870
515970
533399
541837
546889
557715
560544
562783
566511
568546
569891
571017
575842
600105
608717
617069
652380
653920
664514
676690
730998
732458
736101
751614
754364
762776
779192
794101
794418
797354
809915
819177
850937
853571
866781
867250
881354
885462
896115
907452
908350
951230
960164
984455
994435
1020236
1026514
1036502
1046947
1052143
1063034
1067956
1080194
1082583
1102821
1115710
1136038
1153572
1154909
1159253
1195730
1201717
1203164
1212353
1214540
1220859
1230698
1232327
1234220
1235441
1251616
1254457
1258300
1279568
1281310
1286875
1330663
1331931
1341469
1346665
1350066
1360037
1362202
1363359
1366225
1368034
1368596
1381312
1382929
1388924
1392717
1415296
1419068
1501442
1505420
1510218
1529759
1561788
1575999
1582585
1600199
1601137
1622024
1622105
1638909
1644053
1649087
1725709
1740481
1750613
1818001
1824817
1868658
1877539
1907739
1912591
1922217
1936253
1942897
1946298
1966339
1974182
1975475
1982003
1993380
2001167
2002811
2057696
2059610
2064381
2072755
2091136
2093251
2121252
2163213
2179213
2181438
2209997
2231307
2249308
2258145
2264948
2276911
2280042
2282705
2288652
2293616
2325134
2342686
2351457
2360822
2370385
2375453
2384250
2440697
2503762
2508620
2611060
2612592
2623657
2659900
2673356
2717904
2733150
2741348
2779827
2787185
2789020
2843683
2854093
2855366
2864244
2864617
2874271
2874942
2882373
2887310
2893116
2900363
2902789
2922947
2923801
2934680
2937607
2962085
2985029
2995800
3017565
3023811
3025526
3030915
3057393
3058977
3063849
3070985
3072377
3076865
3088950
3109849
3117628
3117772
3141983
3144164
3164039
3180250
3203695
3206338
3212262
3227122
3255116
3263249
3274124
3280278
3280858
3292151
3294465
3305499
3310494
3312907
3322709
3333333
3346101
3350289
3358164
3362454
3413033
3413312
3430844
3445759
3459809
3470909
3476249
3476960
3494148
3502504
3504079
3523624
3526598
3537668
3556156
3557640
3561647
3562428
3567156
3577522
3589938
3600767
3601816
3652103
3658459
3680875
3710537
3713569
3715127
3736614
3740168
3778727
3804941
3810613
3826186
3838884
3871169
3876683
3880793
3923956
3939233
3957544
3960199
3966663
3974737
3980130
3988683
3992757
3992798
3998234
4009333
4009545
4028703
4055674
4104102
4132978
4133072
4141934
4144214
4157461
4160079
4202124
4217005
4229424
4289184
4307635
4321897
4345452
4356427
4360138
4377079
4381425
4401700
4409994
4435815
4450666
4452537
4453356
4455004
4461260
4473010
4480574
4514004
4515628
4522795
4530874
4568741
4580762
4599179
4601494
4615132
4688145
4692372
4696099
4697300
4716640
4717792
4722419
4725963
4728328
4753197
4765022
4773032
4793055
4808393
4823428
4827827
4843596
4864719
4880464
4880641
4884557
4904841
4907084
4912073
4934481
4936400
4944891
4962230
4963364
4969806
4992753
4999668
5014635
5027843
5091842
5098260
5108844
5152832
5159335
5168420
5210145
5216981
5233617
5239782
5260557
5267624
5276453
5286117
5289434
5290803
5295973
5307851
5312245
5314839
5323013
5343399
5360567
5392341
5398809
5405062
5429027
5457053
5484208
5485262
5493274
5503264
5505121
5507666
5515531
5539538
5554779
5560341
5568597
5575782
5594686
5600640
5601653
5634096
5647765
5650752
5656472
5663741
5680537
5681532
5717198
5752076
5752524
5791186
5804113
5814840
5814961
5817926
5831552
5845908
5846592
5862381
5879293
5881818
5898187
5899522
5908352
5911103
5914055
5950157
5953580
5962015
5986932
6022787
6023154
6023495
6024288
6037234
6038703
6039305
6042757
6057158
6058028
6062960
6073079
6096518
6098137
6117583
6138368
6143152
6174718
6184846
6194546
6194748
6198977
6200415
6204578
6210740
6221104
6222097
6225458
6225635
6229512
6234722
6241100
6260117
6274536
6287220
6298024
6310335
6331548
6336031
6346561
6349594
6368645
6384150
6393647
6407918
6412997
6439834
6486356
6499318
6508652
6512202
6520357
6524050
6526751
6542767
6553809
6617509
6636622
6666099
6672585
6679815
6685699
6696241
6720608
6728930
6742226
6745996
6755931
6850982
6859333
6863181
6863593
6894345
6897854
6899802
6907485
6909565
6920785
6938720
6965691
6982884
6983381
6992525
6998335
7000183
7016293
7027668
7032887
7039547
7042289
7042767
7043967
7058091
7068049
7079744
7099850
7131478
7145027
7171653
7178563
7185239
7185725
7216654
7216775
7220024
7220419
7225587
7225849
7232913
7254156
7262973
7263348
7315998
7316196
7340820
7347323
7352856
7356721
7357881
7357963
7371229
7380242
7385893
7386260
7386662
7387415
7391665
7395414
7424074
7429205
7474143
7510273
7514695
7530578
7590131
7605989
7610545
7630390
7641553
7706049
7707984
7713939
7718943
7722947
7727250
7728000
7737916
7816943
7945080
7946445
7994196
7997273
8006501
8051714
8064477
8095714
8100533
8102244
8103391
8104884
8136227
8146081
8171127
8197197
8199688
8218584
8272127
8289096
8356404
8380009
8394085
8414428
8421830
8443931
8453575
8484250
8492205
8495250
8495295
8495380
8495506
8501212
8502260
8518759
8522839
8525469
8537243
8538842
8544859
8593946
8595542
8595575
8609610
8620766
8656542
8657068
8658610
8670791
8679400
8685505
8716052
8718111
8724670
8728028
8780105
8787757
8795378
8809056
8820477
8822517
8855296
8891222
8907390
8917821
8939397
8946279
8959856
8978247
8979682
8985288
8990528
9006482
9045088
9057376
9072650
9108491
9127335
9142663
9143239
9161452
9177773
9180143
9208275
9208504
9213492
9214780
9225066
9238481
9248025
9328160
9353416
9353769
9367678
9375897
9376203
9388859
9403355
9430172
9457606
9459633
9466839
9467975
9481611
9482539
9524652
9539078
9542014
9601858
9638757
9658556
9710648
9723546
9747345
9761763
9765893
9768610
9773867
9792997
9809859
9830334
9835515
9835614
9835690
9841972
9842011
9842022
9842034
9842051
9854184
9854424
9912880
9923574
9925694
9949501
9962282
9962558
9962640
9982576
9987796
10019997
10032640
10045896
10047973
10118452
10135380
10141384
10214849
10322322
10372346
10380940
10401271
10454174
10461161
10480504
10497778
10505039
10533563
10542054
10554008
10555952
10580564
10582543
10585405
10586287
10616995
10669323
10696686
10700852
10744247
10769269
10774958
10814894
10814996
10834801
10855097
10956183
10959630
10963615
11019917
11025426
11055672
11056591
11122880
11129563
11131065
11133275
11136200
11145318
11171015
11172196
11173603
11176950
11180258
11206770
11208586
11225401
11252697
11266443
11270024
11278347
11307361
11310676
11321552
11356285
11374706
11385244
11392477
11405185
11412291
11455210
11505726
11510356
11522022
11524672
11559458
11580876
11598677
11598776
11619209
11636190
11643796
11645186
11647908
11650709
11663141
11668262
11687274
11691647
11693232
11698527
11704253
11710048
11718379
11771527
11772801
11796582
11811465
11815308
11823288
11903232
11916110
11920492
11953214
11960966
11972971
12045204
12062257
12065113
12065767
12103865
12117690
12133376
12150107
12169903
12187310
12202342
12239905
12242761
12246683
12284568
12319934
12322644
12340851
12355517
12372648
12419959
12429307
12438481
12477335
12484402
12503766
12543144
12588228
12599999
12602447
12665829
12674985
12678793
12680147
12697519
12700315
12709127
12727026
12727560
12749889
12801365
12816818
12831149
12831349
12875601
12894998
12895647
12901088
12908432
12927357
12940346
12953414
12967271
12976064
12976100
13007934
13010041
13017630
13043171
13044049
13061104
13067164
13089108
13089646
13092904
13093872
13096163
13104344
13106639
13122346
13127206
13131511
13136578
13137130
13140012
13148585
13159001
13159002
13160739
13172802
13175810
13178301
13184161
13189382
13194163
13198070
13198400
13204472
13205578
13205792
13219192
13220851
13230887
13246663
13261365
13264535
13284766
13288038
13288393
13288667
13292192
13346260
13356132
13363089
13367109
13396309
13401909
13408742
13410508
13413213
13414434
13439081
13439840
13455457
13471793
13471854
13482988
13500350
13504442
13535433
13542391
13559056
13559329
13576962
13594590
13595509
13615400
13615816
13616623
13620030
13620854
13631951
13632601
13648373
13658093
13661822
13672080
13674140
13684876
13705653
13710534
13710863
13712915
13726512
13737908
13744813
13754655
13758653
13765256
13766270
13780685
13781217
13794099
13794754
13795500
13820679
13838346
13858683
13880099
13888010
13890365
13891338
13893101
13903797
13905496
13907335
13908117
13914050
13929913
13964862
13965378
14002544
14003386
14009381
14018052
14034067
14065739
14080132
14080303
14115721
14117445
14203059
14207810
14209453
14210395
14231289
14231343
14242591
14246809
14274382
14274940
14279510
14280215
14296039
14307524
14311226
14326144
14328782
14368316
14370697
14378848
14379894
14413629
14417600
14436173
14442052
14442510
14443693
14443971
14448502
14451745
14451853
14500491
14560096
14589258
14602542
14611827
14663116
14665712
14670634
14703112
14704470
14704682
14705624
14713811
14717583
14737599
14767385
14767517
14767551
14767627
14770792
14798132
14813052
14816222
14831767
14831820
14831861
14832072
14836096
14836172
14847863
14852413
14881828
14919968
14928023
14929445
14955527
14959998
14963469
14970910
14972201
15024691
15033910
15046711
15072404
15078151
15090539
15091346
15095725
15111499
15119482
15124570
15131768
15131991
15134245
15140083
15154829
15156153
15157047
15159485
15160363
15160441
15160508
15162595
15162647
15162689
15162721
15164889
15164928
15236801
15321000
15346338
15363337
15365169
15368925
15371072
15371173
15372092
15391556
15418132
15418965
15425470
15426937
15430032
15443311
15448481
15479379
15479514
15486715
15490298
15510770
15519675
15526705
15534921
15538637
15547620
15581162
15582670
15595553
15595772
15606520
15606524
15610058
15610921
15612845
15645028
15651138
15656918
15658427
15669229
15673375
15693975
15694957
15703788
15705796
15717623
15723876
15750409
15755044
15779251
15783996
15790623
15815306
15817253
15818723
15826210
15830649
15837099
15838363
15879835
15895635
15921131
15962308
15968645
15977088
15990057
15998601
16009686
16017138
16021973
16033790
16052088
16075737
16077687
16079831
16091473
16103729
16115745
16117580
16118688
16120952
16134555
16143748
16154700
16155469
16177968
16209465
16222687
16233639
16237438
16240571
16278048
16307100
16312420
16312496
16326530
16344274
16350749
16350777
16363001
16374602
16376509
16385121
16389541
16391787
16399168
16417636
16438599
16454370
16465959
16472620
16473719
16491175
16495491
16504872
16524261
16524410
16525302
16525836
16526206
16533921
16538018
16538272
16549879
16551761
16553332
16575432
16583430
16607053
16614904
16678391
16718820
16718860
16727142
16734030
16735553
16744299
16789585
16817480
16817978
16821964
16822827
16849219
16870725
16904298
16905683
16906036
16945578
16952376
16953898
16970564
16974822
17073768
17102138
17120340
17132406
17148315
17148410
17149515
17150183
17160791
17165929
17171657
17175178
17183099
17197886
17207186
17207621
17209751
17238395
17243525
17273639
17300254
17321096
17322881
17359771
17381221
17409682
17418625
17430522
17444227
17457534
17458663
17469154
17475423
17497500
17519198
17521992
17524957
17535131
17537044
17540122
17543266
17579290
17583579
17597674
17607151
17623080
17634853
17708247
17723714
17730892
17735251
17744261
17744569
17747432
17757555
17762855
17771339
17783799
17807553
17826830
17832115
17846198
17854082
17864997
17894865
17913233
17916495
17917220
17952212
17953518
17953934
17966380
17967448
17971320
17986382
17988821
18014073
18014953
18015005
18015134
18019924
18027751
18032840
18035441
18043422
18064066
18064196
18064336
18066945
18083670
18084257
18090631
18105856
18115633
18147361
18147578
18150354
18157794
18167864
18172301
18174105
18178435
18200592
18209211
18209757
18218378
18221881
18251356
18270854
18277007
18284761
18287704
18288580
18303331
18305406
18334482
18339384
18340327
18341665
18355155
18369140
18369322
18378199
18379978
18381711
18382585
18417961
18418209
18435992
18448430
18478556
18481134
18492779
18494325
18497032
18500441
18502368
18513353
18515453
18517232
18520412
18523665
18531047
18532074
18532160
18532779
18537937
18540503
18542276
18542848
18543119
18543450
18543479
18543495
18552309
18553072
18582202
18610419
18627838
18628217
18640850
18644582
18660456
18670894
18681316
18691419
18691747
18691947
18692513
18692619
18692724
18694533
18694708
18695420
18695685
18696280
18707491
18715662
18718488
18734060
18740002
18743064
18745056
18749818
18763423
18784923
18807254
18825283
18840617
18848446
18870266
18874196
18886525
18889146
18899905
18902721
18908591
18922614
18939525
18944114
18954527
18969290
18973434
18975885
18987491
18996379
19005119
19010147
19031630
19032955
19036827
19044702
19048013
19065584
19067117
19067216
19068065
19068590
19080900
19095974
19111274
19112330
19114116
19117102
19118607
19119244
19120667
19124837
19130013
19133470
19136979
19140226
19165802
19167346
19170903
19172239
19181575
19188908
19193632
19194291
19200792
19216815
19217493
19218564
19218806
19219423
19233650
19238096
19251048
19257110
19260040
19261591
19262203
19262380
19264417
19271291
19293033
19294443
19300475
19301399
19303103
19307316
19311851
19312022
19320272
19321233
19321920
19322332
19324196
19326108
19337063
19355721
19356483
19361594
19382945
19386853
19390600
19393651
19399125
19401590
19421421
19421999
19424902
19429585
19433952
19444807
19450695
19463676
19465410
19468158
19468942
19471800
19481371
19492506
19494599
19495473
19495978
19511953
19516502
19534503
19538064
19544125
19554382
19559297
19560032
19561142
19569241
19578990
19582440
19583892
19585034
19590950
19592456
19599650
19602812
19608390
19613973
19627977
19629857
19637483
19654420
19657273
19659553
19669546
19672337
19690730
19692176
19707108
19707714
19708429
19708887
19714995
19719617
19723426
19729219
19739438
19740704
19740812
19742816
19754520
19757515
19757990
19758280
19762225
19762561
19775663
19779613
19782520
19783691
19786628
19792272
19795939
19797736
19803138
19807056
19807652
19808938
19819168
19821527
19821565
19828179
19838840
19844618
19851367
19851387
19851574
19851822
19866531
19867063
19867528
19868823
19875063
19886426
19901210
19901853
19908347
19909881
19918879
19919983
19923504
19924252
19929915
19931573
19939853
19940401
19940733
19942174
19947553
19956885
19957425
19961947
19965282
19966056
19967039
19973338
19975035
19975166
19975489
19975568
19975753
19979364
19981362
19983006
19985121
19988960
19991223
19994746
19994829
19994887
19995229
19996479
19997781
20002692
20005885
20006466
20006653
20007897
20008905
20010058
20011660
20013345
20021318
20022170
20022214
20022568
20022980
20025349
20030743
20030989
20031430
20034082
20034221
20041373
20041421
20042318
20042342
20042565
20042667
20042973
20043257
20043258
20044187
20044221
20044575
20044882
20045936
20046144
20046224
20046228
20047251
20047285
20047859
20047870
20048788
20049177
20050163
20050786
20051181
20051914
20052433
20052666
20052961
20053162
20053183
20054488
20054803
20055040
20059051
20059304
20059831
20060027
20060287
20060579
20060903
20061098
20061113
20061154
20061508
20061577
20062152
20062178
20062183
20062683
20062891
20063170
20063925
20063950
20064027
20064574
20064663
20064693
20065846
20066142
20066196
20066340
20066423
20066502
20066620
20066841
20067216
20067287
20067978
20068075
20068189
20068555
20069133
20069177
20069319
20069609
20069715
20069778
20070246
20071766
20072191
20072657
20076895
20077752
20077879
20079258
20079379
20079580
20079611
20079687
20080026
20080088
20080163
20080401
20080540
20080647
20080977
20081006
20081270
20081454
20081770
20081849
20082221
20082465
20083728
20083840
20083874
20083877
20084045
20084073
20084809
20085079
20085638
20085646
20085688
20085816
20086028
20086332
20086375
20086449
20086569
20086626
20087139
20087387
20088007
20088171
20089270
20089504
20089513
20089832
20089890
20090269
20090276
20090287
20090501
20090540
20090855
20092075
20092212
20092511
20092536
20092560
20092619
20092707
20092804
20095192
20096720
20096897
20097421
20097691
20097791
20097917
20101138
20103085
20103441
20105208
20106210
20108300
20110595
20112444
20112686
20112736
20112852
20113360
20115250
20115385
20115848
20115876
20116210
20116471
20116483
20116598
20116618
20118151
20118384
20118804
20119011
20119252
20119260
20119268
20119618
20119683
20119738
20119958
20120419
20120439
20120516
20120729
20120893
20120971
20121017
20121039
20121075
20121171
20121897
20122045
20123260
20123296
20123878
20124171
20124263
20125837
20126266
20128235
20128356
20128499
20128523
20128720
20128734
20128773
20128806
20128977
20128994
20129034
20129168
20129316
20129607
20129630
20129645
20129747
20129835
20129863
20129895
20129998
20130011
20130292
20130653
20130826
20130965
20130992
20131158
20131177
20131294
20131386
20131394
20131402
20131764
20131798
20131834
20131860
20132264
20132312
20132334
20132378
20132392
20132493
20132506
20132513
20132542
20132582
20132929
20133457
20133559
20133729
20133921
20134308
20134375
20134503
20134541
20134722
20134732
20134898
20134899
20135100
20135807
20135914
20135942
20136036
20136168
20136180
20136201
20137021
20137064
20137174
20137342
20137506
20137516
20137520
20137612
20138083
20141612
20142268
20142492
20142774
20143125
20144084
