Tempo gasto: 9 milisegundos para ordenar 2000 elementos


19875678
19875785
19875957
19875962
19875969
19876216
19876247
19876254
19879643
19879685
19879888
19879984
19880006
19880019
19880326
19880408
19880410
19880674
19880679
19880755
19880810
19880988
19881143
19881215
19881216
19881264
19881342
19881472
19881550
19881551
19881586
19881615
19881733
19881785
19881912
19881989
19882040
19882083
19882115
19882119
19882126
19882175
19882193
19882303
19882323
19882369
19882406
19882527
19882528
19882558
19882667
19882669
19882941
19883177
19883408
19883486
19883602
19883672
19883756
19883868
19883874
19883984
19884177
19884309
19884330
19884331
19884412
19884471
19884589
19885041
19885202
19885258
19885270
19885279
19885433
19885443
19885503
19885507
19885693
19885706
19885797
19885826
19886091
19886147
19886151
19886168
19886426
19886552
19886730
19886740
19886833
19886858
19886909
19886937
19886958
19886965
19887011
19887022
19887036
19887078
19887137
19887211
19887411
19887610
19887866
19887871
19888051
19888077
19888186
19888194
19888198
19888204
19888266
19888271
19888530
19888542
19888587
19888647
19888793
19888892
19889068
19889126
19889136
19889206
19889227
19889307
19889352
19889370
19889382
19889488
19889524
19889525
19889647
19889654
19889740
19889758
19890017
19890180
19890211
19890239
19890305
19890408
19890419
19890507
19890516
19890574
19890644
19890715
19890718
19891054
19891109
19891395
19891551
19892059
19894232
19895159
19895275
19895434
19895784
19896133
19896212
19896335
19896377
19896463
19896542
19896604
19896818
19896829
19897088
19897151
19897191
19897232
19897325
19897342
19897388
19897450
19897540
19897741
19897760
19897772
19897907
19897971
19897983
19898079
19898124
19898165
19898489
19898528
19898529
19898657
19898686
19898735
19898784
19899184
19899250
19899480
19899521
19899727
19899736
19899907
19899950
19899952
19899968
19900016
19900022
19900086
19900096
19900110
19900144
19900194
19900220
19900268
19900306
19900327
19900373
19900414
19900485
19900530
19900542
19900593
19900664
19900799
19900886
19900939
19900964
19900988
19901041
19901088
19901210
19901235
19901255
19901267
19901362
19901481
19901575
19901675
19901724
19901757
19901853
19901869
19901912
19902301
19902458
19902724
19902733
19902815
19902952
19903094
19903109
19903178
19903359
19903367
19903633
19903781
19903789
19903835
19903843
19903928
19903973
19904045
19904052
19904076
19904121
19904176
19904384
19904414
19904491
19904926
19905079
19905125
19905295
19905398
19905440
19905695
19905853
19905891
19905944
19906009
19906077
19906190
19906200
19906469
19906640
19906709
19906747
19906805
19906931
19907060
19907267
19907460
19907519
19907624
19907651
19907704
19907734
19907835
19907836
19907872
19907906
19907932
19908011
19908147
19908193
19908235
19908294
19908302
19908347
19908390
19908492
19908515
19908581
19908604
19908661
19908693
19908777
19908814
19908838
19908853
19908988
19909023
19909086
19909118
19909140
19909241
19909371
19909481
19909559
19909630
19909740
19909790
19909794
19909806
19909881
19909939
19909999
19910047
19910075
19910141
19910286
19910385
19910699
19910792
19910858
19911006
19911067
19911151
19911379
19911436
19911749
19912217
19913327
19914374
19915245
19915364
19915438
19915562
19915582
19915758
19915838
19915970
19916092
19916303
19916497
19916718
19916919
19916999
19917132
19917239
19917250
19917299
19917347
19917488
19917739
19917805
19917824
19918060
19918090
19918308
19918369
19918404
19918615
19918695
19918702
19918832
19918879
19918967
19918971
19918988
19919086
19919153
19919322
19919532
19919687
19919714
19919762
19919983
19920014
19920081
19920109
19920170
19920181
19920192
19920443
19920463
19920605
19920874
19920883
19921016
19921246
19921269
19921283
19921343
19921415
19921484
19921539
19921695
19921735
19921913
19922019
19922078
19922149
19922231
19922247
19922348
19922356
19922362
19922532
19922556
19922647
19922685
19922852
19922878
19923051
19923205
19923369
19923419
19923429
19923483
19923504
19923551
19923619
19923661
19923849
19923888
19923964
19923979
19923981
19924077
19924141
19924252
19924357
19924574
19924903
19924923
19924937
19924953
19925002
19925057
19925144
19925275
19925582
19925618
19925831
19925834
19925870
19925937
19925944
19926268
19926272
19926414
19926483
19926530
19926625
19926752
19926784
19926800
19927088
19927092
19927104
19927125
19927424
19927479
19927537
19927627
19927762
19927884
19928119
19928145
19928198
19928256
19928361
19928397
19928467
19928499
19928505
19928534
19928537
19928707
19928796
19928810
19928821
19929215
19929385
19929557
19929564
19929669
19929697
19929699
19929842
19929905
19929915
19929938
19930056
19930163
19930269
19930467
19930474
19930619
19930723
19930726
19931183
19931573
19931797
19932553
19934118
19934174
19934328
19935013
19935140
19935234
19935633
19935867
19935925
19936172
19936333
19936379
19936609
19936625
19936649
19936966
19937007
19937234
19937253
19937309
19937325
19937410
19937475
19937506
19937577
19937678
19937749
19937778
19937788
19937851
19937867
19937872
19937996
19937997
19938061
19938196
19938203
19938244
19938393
19938399
19938460
19938479
19938599
19938647
19938702
19938760
19938775
19938783
19938861
19938977
19938984
19939581
19939658
19939752
19939816
19939834
19939853
19939963
19940260
19940304
19940401
19940417
19940449
19940493
19940526
19940602
19940612
19940642
19940651
19940692
19940711
19940728
19940733
19940741
19940755
19940870
19941116
19941179
19941180
19941394
19941431
19941506
19941632
19941698
19941754
19942155
19942170
19942174
19942516
19942587
19942674
19942679
19942768
19942930
19942957
19942988
19943073
19943084
19943361
19943550
19943662
19943676
19943677
19943682
19943938
19943972
19944017
19944055
19944071
19944091
19944221
19944222
19944275
19944341
19944496
19944593
19944617
19944629
19944673
19944741
19944780
19944801
19944903
19945085
19945310
19945697
19945702
19945947
19945950
19946206
19946207
19946365
19946853
19947138
19947324
19947354
19947357
19947372
19947481
19947553
19947555
19947695
19947789
19947904
19948072
19948084
19948108
19948115
19948491
19948893
19948912
19949111
19949387
19949421
19949580
19949651
19949775
19949843
19949852
19950299
19950388
19950629
19950816
19950879
19952720
19954090
19954140
19954378
19954870
19954905
19955073
19955371
19955433
19955472
19955572
19955651
19955703
19955759
19955789
19955846
19955878
19955987
19956095
19956188
19956264
19956280
19956428
19956448
19956465
19956523
19956695
19956719
19956885
19957048
19957078
19957085
19957213
19957221
19957235
19957300
19957373
19957425
19957429
19957455
19957474
19957545
19957587
19957594
19957595
19957596
19957637
19957775
19958015
19958075
19958153
19958182
19958193
19958266
19958300
19958304
19958309
19958770
19958825
19958839
19958867
19958926
19958942
19958983
19959052
19959062
19959187
19959326
19959430
19959445
19959675
19959689
19959738
19959824
19959970
19959996
19960032
19960051
19960164
19960226
19960565
19960901
19960905
19960920
19960964
19961099
19961150
19961711
19961947
19962126
19962543
19963011
19963222
19963343
19963466
19963496
19963539
19963824
19963935
19964010
19964037
19964049
19964176
19964198
19964280
19964409
19964446
19964561
19964983
19964988
19965094
19965277
19965282
19965479
19965627
19965709
19965749
19965846
19965952
19966056
19966107
19966213
19966439
19966489
19966506
19966514
19966569
19966600
19966619
19966678
19966768
19967039
19967073
19967131
19967211
19967220
19967455
19967561
19967773
19968096
19968200
19968227
19968836
19968912
19968914
19969058
19969503
19969862
19970766
19971648
19972250
19972417
19972689
19972720
19973338
19973351
19973382
19973438
19973469
19973499
19973858
19973923
19973925
19973956
19974149
19974251
19974401
19974437
19974461
19974616
19974698
19974887
19974892
19974908
19974916
19974963
19974989
19975035
19975065
19975080
19975166
19975182
19975220
19975256
19975257
19975294
19975443
19975489
19975532
19975568
19975656
19975695
19975753
19975789
19975890
19976000
19976028
19976064
19976191
19976202
19976263
19976275
19976335
19976452
19976565
19976619
19976621
19976722
19976955
19976981
19977097
19977192
19977279
19977413
19977562
19977599
19977609
19977655
19977697
19977849
19978012
19978121
19978179
19978181
19978209
19978529
19978532
19978566
19978677
19978680
19978721
19978735
19979008
19979277
19979334
19979364
19979517
19979587
19979708
19979987
19980094
19980139
19980412
19980476
19980624
19981047
19981295
19981325
19981362
19981859
19982001
19982101
19982141
19982378
19982475
19982540
19982612
19982613
19982676
19982685
19983006
19983043
19983080
19983093
19983158
19983276
19983538
19983659
19983777
19983939
19983965
19984244
19984304
19985071
19985086
19985121
19985204
19985332
19985508
19988573
19988742
19988959
19988960
19989155
19989178
19989282
19989560
19989875
19989894
19989899
19989911
19989983
19989985
19990129
19990349
19990536
19990592
19990625
19990765
19990767
19990788
19990825
19990911
19990941
19990943
19990981
19991055
19991108
19991198
19991223
19991266
19991277
19991344
19991438
19991450
19991601
19991645
19991799
19991848
19991858
19991903
19991994
19992025
19992043
19992072
19992140
19992160
19992161
19992169
19992212
19992221
19992243
19992266
19992280
19992373
19992473
19992549
19992865
19992948
19992954
19992991
19992996
19993044
19993125
19993186
19993221
19993233
19993505
19993623
19993830
19993902
19993991
19994098
19994118
19994129
19994272
19994317
19994420
19994465
19994515
19994516
19994541
19994600
19994648
19994665
19994686
19994746
19994829
19994887
19994890
19994952
19995005
19995055
19995134
19995229
19995314
19995329
19995371
19995474
19995748
19995815
19995832
19996073
19996479
19996515
19996530
19996828
19997293
19997473
19997689
19997781
19997909
19997937
19998081
19998098
19998262
19998466
19998701
19998730
19998840
19999277
20001833
20001924
20001930
20002348
20002359
20002529
20002692
20002951
20002971
20003839
20003881
20003897
20004036
20004129
20004209
20004411
20004492
20004531
20004601
20004619
20004651
20004700
20005029
20005049
20005109
20005112
20005285
20005307
20005367
20005417
20005424
20005430
20005431
20005434
20005472
20005484
20005603
20005607
20005702
20005734
20005760
20005884
20005885
20006098
20006162
20006466
20006533
20006546
20006561
20006623
20006639
20006653
20006665
20006744
20006805
20006949
20006965
20007028
20007085
20007131
20007189
20007250
20007307
20007405
20007673
20007754
20007821
20007876
20007891
20007897
20007952
20007960
20007982
20008125
20008430
20008476
20008510
20008539
20008610
20008905
20008945
20009004
20009066
20009180
20009259
20009264
20009326
20009351
20009454
20009464
20009498
20009719
20009784
20009839
20009882
20009946
20010058
20010191
20010269
20010530
20010601
20010681
20010726
20010730
20010783
20010791
20010864
20010869
20010893
20010951
20011041
20011092
20011166
20011261
20011273
20011345
20011357
20011497
20011526
20011589
20011633
20011635
20011660
20011743
20011761
20011862
20011867
20011944
20011999
20012034
20012261
20012404
20012615
20012634
20012669
20012727
20012786
20012816
20012906
20013040
20013152
20013345
20013354
20013530
20013574
20013962
20014034
20014221
20014272
20014316
20014730
20014816
20015533
20016689
20018037
20018335
20018378
20018626
20019155
20019239
20019406
20019502
20019590
20019621
20019627
20019989
20020025
20020190
20020198
20020256
20020316
20020343
20020392
20020408
20020595
20020692
20020751
20020769
20020833
20020901
20020905
20020907
20020913
20020988
20021176
20021241
20021294
20021318
20021468
20021477
20021496
20021728
20021787
20021821
20021849
20021898
20021904
20022170
20022214
20022250
20022333
20022379
20022568
20022607
20022639
20022643
20022711
20022716
20022732
20022744
20022778
20022813
20022945
20022980
20022997
20023051
20023103
20023180
20023182
20023206
20023254
20023441
20023727
20023800
20023906
20024142
20024302
20024356
20024379
20024428
20024457
20024660
20024680
20024805
20024811
20025112
20025116
20025154
20025234
20025349
20025512
20025580
20025608
20025623
20025629
20025861
20025891
20025903
20026131
20026230
20026330
20026373
20026585
20026664
20026708
20026719
20026818
20026972
20027115
20027133
20027206
20027264
20027303
20027440
20027520
20027702
20027717
20027730
20027815
20027904
20028014
20028306
20028488
20028537
20028807
20028813
20028942
20029273
20029375
20029520
20029542
20029591
20029848
20030159
20030228
20030243
20030333
20030485
20030743
20030800
20030810
20030835
20030897
20030973
20030989
20031004
20031208
20031303
20031427
20031430
20031435
20031509
20031520
20031607
20031679
20031818
20031954
20032031
20032133
20032138
20032235
20032314
20032445
20032581
20032599
20032622
20032666
20032729
20032852
20032863
20032899
20032976
20033070
20033265
20033398
20033457
20033696
20033729
20033749
20033769
20034082
20034178
20034221
20034338
20034364
20034409
20034618
20034805
20035135
20038926
20039289
20039305
20039405
20040637
20040675
20040709
20040856
20040892
20040929
20041063
20041104
20041141
20041304
20041340
20041364
20041373
20041421
20041788
20041808
20041854
20041971
20042022
20042073
20042260
20042263
20042271
20042273
20042312
20042318
20042319
20042342
20042378
20042481
20042484
20042565
20042577
20042578
20042605
20042667
20042739
20042778
20042790
20042885
20042973
20043125
20043180
20043257
20043258
20043275
20043284
20043409
20043544
20043604
20043718
20043931
20044031
20044070
20044102
20044148
20044170
20044187
20044221
20044318
20044412
20044432
20044478
20044575
20044882
20045107
20045247
20045345
20045372
20045698
20045936
20046144
20046224
20046228
20046254
20046466
20046561
20046752
20046878
20047162
20047251
20047271
20047285
20047309
20047453
20047595
20047608
20047801
20047859
20047870
20048217
20048233
20048475
20048699
20048788
20049006
20049102
20049177
20049310
20049765
20049789
20049955
20049961
20050163
20050322
20050430
20050786
20050900
20051030
20051080
20051181
20051739
20051788
20051914
20051928
20052069
20052125
20052199
20052433
20052666
20052961
20053162
20053183
20053258
20053420
20053659
20053932
20054238
20054344
20054352
20054488
20054569
20054650
20054741
20054803
20055040
20055136
20055683
20058168
20058495
20058591
20058694
20058821
20059051
20059304
20059514
20059653
20059831
20059940
20060027
20060181
20060214
20060287
20060579
20060614
20060903
20061032
20061098
20061113
20061154
20061224
20061319
20061321
20061503
20061508
20061557
20061577
20061635
20061736
20062152
20062178
20062183
20062683
20062891
20062956
20062996
20063081
20063170
20063236
20063388
20063428
20063467
20063501
20063693
20063739
20063925
20063950
20064027
20064058
20064574
20064594
20064663
20064693
20065652
20065846
20066048
20066119
20066142
20066196
20066340
20066423
20066502
20066538
20066585
20066620
20066721
20066826
20066841
20066908
20067110
20067164
20067216
20067221
20067287
20067743
20067779
20067978
20068075
20068189
20068322
20068543
20068555
20068603
20068605
20069133
20069177
20069209
20069319
20069609
20069715
20069778
20069818
20069864
20069989
20070246
20070320
20070416
20070616
20071166
20071766
20071975
20072004
20072060
20072127
20072191
20072508
20072551
20072563
20072627
20072657
20073366
20073785
20074102
20074426
20074698
20076895
20077290
20077752
20077879
20079258
20079379
20079580
20079611
20079687
20080026
20080088
20080163
20080201
20080231
20080266
20080401
20080540
20080647
20080659
20080684
20080977
20081006
20081007
20081102
20081126
20081186
20081270
20081394
20081402
20081454
20081508
20081509
20081724
20081770
20081849
20081952
20082221
20082265
20082465
20082716
20082750
20082952
20083061
20083146
20083287
20083709
20083728
20083840
20083874
20083877
20083929
20084045
20084073
20084219
20084312
20084485
20084626
20084809
20084944
20085079
20085106
20085339
20085638
20085646
20085688
20085708
20085753
20085775
20085816
20086028
20086121
20086332
20086375
20086449
20086569
20086626
20086715
20087139
20087375
20087387
20087450
20087549
20088007
20088040
20088060
20088171
20088264
20088536
20088787
20088836
20089051
20089199
20089270
20089504
20089513
20089832
20089890
20090061
20090140
20090234
20090269
20090276
20090287
20090305
20090477
20090501
20090540
20090855
20091366
20091998
20092075
20092212
20092511
20092536
20092560
20092619
20092707
20092804
20093382
20095192
20096720
20096759
20096793
20096897
20097102
20097421
20097595
20097691
20097734
20097791
20097917
20097975
20098313
20098459
20098550
20099337
20101138
20102436
20102609
20103085
20103389
20103441
20103610
20105208
20106210
20107146
20108300
20110595
20111025
20111187
20111221
20111523
20112444
20112686
20112736
20112852
20113130
20113285
20113360
20113942
20113961
20115215
20115250
20115385
20115397
20115747
20115848
20115876
20115907
20115960
20116210
20116217
20116222
20116471
20116483
20116598
20116618
20116646
20116834
20117297
20117736
20117897
20118151
20118255
20118314
20118384
20118437
20118716
20118804
20118851
20118920
20118932
20119011
20119252
20119260
20119268
20119618
20119670
20119683
20119738
20119958
20120419
20120439
20120516
20120729
20120846
20120893
20120971
20121017
20121039
20121075
20121171
20121897
20121978
20122045
20123260
20123296
20123878
20124171
20124263
20125837
20126266
20128235
20128356
20128499
20128523
20128720
20128734
20128773
20128806
20128977
20128994
20129034
20129168
20129316
20129318
20129398
20129607
20129630
20129645
20129747
20129835
20129863
20129895
20129998
20130011
20130292
20130347
20130519
20130653
20130826
20130965
20130992
20131158
20131177
20131294
20131386
20131394
20131402
20131764
20131798
20131834
20131860
20132057
20132264
20132312
20132334
20132378
20132392
20132493
20132506
20132513
20132542
20132582
20132929
20133079
20133457
20133559
20133729
20133921
20134308
20134375
20134503
20134541
20134722
20134732
20134898
20134899
20135100
20135133
20135807
20135914
20135942
20136036
20136168
20136180
20136201
20137021
20137064
20137174
20137342
20137506
20137516
20137520
20137612
20138083
20141612
20142268
20142492
20142774
20143125
20144084
