Tempo gasto: 1 milisegundos para ordenar 500 elementos


20045372
20045698
20045936
20046144
20046224
20046228
20046254
20046466
20046561
20046752
20046878
20047162
20047251
20047271
20047285
20047309
20047453
20047595
20047608
20047801
20047859
20047870
20048217
20048233
20048475
20048699
20048788
20049006
20049102
20049177
20049310
20049765
20049789
20049955
20049961
20050163
20050322
20050430
20050786
20050900
20051030
20051080
20051181
20051739
20051788
20051914
20051928
20052069
20052125
20052199
20052433
20052666
20052961
20053162
20053183
20053258
20053420
20053659
20053932
20054238
20054344
20054352
20054488
20054569
20054650
20054741
20054803
20055040
20055136
20055683
20058168
20058495
20058591
20058694
20058821
20059051
20059304
20059514
20059653
20059831
20059940
20060027
20060181
20060214
20060287
20060579
20060614
20060903
20061032
20061098
20061113
20061154
20061224
20061319
20061321
20061503
20061508
20061557
20061577
20061635
20061736
20062152
20062178
20062183
20062683
20062891
20062956
20062996
20063081
20063170
20063236
20063388
20063428
20063467
20063501
20063693
20063739
20063925
20063950
20064027
20064058
20064574
20064594
20064663
20064693
20065652
20065846
20066048
20066119
20066142
20066196
20066340
20066423
20066502
20066538
20066585
20066620
20066721
20066826
20066841
20066908
20067110
20067164
20067216
20067221
20067287
20067743
20067779
20067978
20068075
20068189
20068322
20068543
20068555
20068603
20068605
20069133
20069177
20069209
20069319
20069609
20069715
20069778
20069818
20069864
20069989
20070246
20070320
20070416
20070616
20071166
20071766
20071975
20072004
20072060
20072127
20072191
20072508
20072551
20072563
20072627
20072657
20073366
20073785
20074102
20074426
20074698
20076895
20077290
20077752
20077879
20079258
20079379
20079580
20079611
20079687
20080026
20080088
20080163
20080201
20080231
20080266
20080401
20080540
20080647
20080659
20080684
20080977
20081006
20081007
20081102
20081126
20081186
20081270
20081394
20081402
20081454
20081508
20081509
20081724
20081770
20081849
20081952
20082221
20082265
20082465
20082716
20082750
20082952
20083061
20083146
20083287
20083709
20083728
20083840
20083874
20083877
20083929
20084045
20084073
20084219
20084312
20084485
20084626
20084809
20084944
20085079
20085106
20085339
20085638
20085646
20085688
20085708
20085753
20085775
20085816
20086028
20086121
20086332
20086375
20086449
20086569
20086626
20086715
20087139
20087375
20087387
20087450
20087549
20088007
20088040
20088060
20088171
20088264
20088536
20088787
20088836
20089051
20089199
20089270
20089504
20089513
20089832
20089890
20090061
20090140
20090234
20090269
20090276
20090287
20090305
20090477
20090501
20090540
20090855
20091366
20091998
20092075
20092212
20092511
20092536
20092560
20092619
20092707
20092804
20093382
20095192
20096720
20096759
20096793
20096897
20097102
20097421
20097595
20097691
20097734
20097791
20097917
20097975
20098313
20098459
20098550
20099337
20101138
20102436
20102609
20103085
20103389
20103441
20103610
20105208
20106210
20107146
20108300
20110595
20111025
20111187
20111221
20111523
20112444
20112686
20112736
20112852
20113130
20113285
20113360
20113942
20113961
20115215
20115250
20115385
20115397
20115747
20115848
20115876
20115907
20115960
20116210
20116217
20116222
20116471
20116483
20116598
20116618
20116646
20116834
20117297
20117736
20117897
20118151
20118255
20118314
20118384
20118437
20118716
20118804
20118851
20118920
20118932
20119011
20119252
20119260
20119268
20119618
20119670
20119683
20119738
20119958
20120419
20120439
20120516
20120729
20120846
20120893
20120971
20121017
20121039
20121075
20121171
20121897
20121978
20122045
20123260
20123296
20123878
20124171
20124263
20125837
20126266
20128235
20128356
20128499
20128523
20128720
20128734
20128773
20128806
20128977
20128994
20129034
20129168
20129316
20129318
20129398
20129607
20129630
20129645
20129747
20129835
20129863
20129895
20129998
20130011
20130292
20130347
20130519
20130653
20130826
20130965
20130992
20131158
20131177
20131294
20131386
20131394
20131402
20131764
20131798
20131834
20131860
20132057
20132264
20132312
20132334
20132378
20132392
20132493
20132506
20132513
20132542
20132582
20132929
20133079
20133457
20133559
20133729
20133921
20134308
20134375
20134503
20134541
20134722
20134732
20134898
20134899
20135100
20135133
20135807
20135914
20135942
20136036
20136168
20136180
20136201
20137021
20137064
20137174
20137342
20137506
20137516
20137520
20137612
20138083
20141612
20142268
20142492
20142774
20143125
20144084
