Tempo gasto: 00:00:00.00


34453
40951
301197
325333
348577
408770
429442
443598
487806
507025
514870
541837
557715
566511
568546
569891
571017
608717
652380
664514
732458
736101
754364
779192
794101
794418
809915
850937
867250
907452
951230
960164
984455
1046947
1136038
1153572
1154909
1159253
1195730
1201717
1203164
1212353
1230698
1232327
1279568
1281310
1286875
1330663
1331931
1346665
1350066
1362202
1366225
1368034
1381312
1388924
1505420
1510218
1561788
1582585
1600199
1601137
1622024
1622105
1638909
1725709
1740481
1818001
1868658
1877539
1907739
1912591
1936253
1946298
1966339
1975475
1982003
1993380
2057696
2072755
2093251
2121252
2163213
2209997
2231307
2282705
2288652
2293616
2342686
2351457
2360822
2370385
2440697
2623657
2673356
2717904
2733150
2779827
2787185
2854093
2864244
2864617
2874942
2902789
2922947
2923801
2934680
3017565
3023811
3025526
3030915
3058977
3070985
3072377
3076865
3109849
3117772
3180250
3203695
3212262
3227122
3263249
3322709
3333333
3358164
3362454
3413033
3413312
3459809
3494148
3504079
3523624
3567156
3577522
3589938
3601816
3710537
3713569
3715127
3838884
3880793
3923956
3939233
3960199
3966663
3988683
3992798
3998234
4009545
4028703
4055674
4141934
4144214
4157461
4289184
4307635
4360138
4377079
4450666
4452537
4473010
4480574
4514004
4522795
4530874
4599179
4615132
4692372
4696099
4725963
4793055
4808393
4823428
4907084
4912073
4934481
4992753
5098260
5159335
5168420
5210145
5267624
5290803
5295973
5323013
5392341
5405062
5429027
5457053
5484208
5493274
5507666
5515531
5539538
5568597
5634096
5717198
5752076
5804113
5846592
5862381
5899522
5908352
5911103
5914055
5953580
5962015
6057158
6062960
6073079
6117583
6138368
6174718
6194748
6200415
6204578
6225458
6225635
6229512
6241100
6274536
6298024
6331548
6336031
6346561
6368645
6384150
6508652
6512202
6524050
6542767
6553809
6617509
6636622
6666099
6672585
6696241
6720608
6728930
6745996
6850982
6863181
6863593
6894345
6909565
6938720
6965691
6982884
6983381
7027668
7042767
7099850
7131478
7178563
7216654
7216775
7220024
7220419
7262973
7263348
7315998
7340820
7347323
7356721
7357881
7357963
7371229
7385893
7391665
7395414
7510273
7514695
7530578
7605989
7610545
7630390
7641553
7706049
7727250
7728000
7994196
8006501
8102244
8103391
8104884
8218584
8272127
8380009
8443931
8453575
8484250
8492205
8495250
8495295
8495380
8495506
8502260
8525469
8538842
8595542
8595575
8609610
8656542
8657068
8679400
8685505
8716052
8724670
8795378
8820477
8855296
8907390
8959856
8978247
8985288
8990528
9006482
9045088
9057376
9072650
9142663
9143239
9177773
9208275
9208504
9213492
9214780
9328160
9353769
9376203
9388859
9403355
9430172
9466839
9467975
9524652
9601858
9723546
9747345
9761763
9768610
9773867
9809859
9835515
9835614
9841972
9842011
9842022
9842034
9842051
9854184
9854424
9923574
9962282
9962558
9962640
10019997
10032640
10045896
10047973
10118452
10135380
10141384
10380940
10454174
10480504
10497778
10505039
10580564
10585405
10616995
10744247
10774958
10855097
10956183
11019917
11056591
11122880
11131065
11136200
11172196
11252697
11266443
11270024
11310676
11321552
11374706
11392477
11455210
11505726
11524672
11598776
11619209
11650709
11663141
11691647
11693232
11698527
11718379
11771527
11823288
11953214
11960966
12045204
12065767
12117690
12150107
12169903
12202342
12239905
12340851
12355517
12372648
12419959
12438481
12588228
12674985
12678793
12680147
12700315
12727026
12727560
12801365
12831349
12927357
12953414
12967271
13007934
13010041
13017630
13043171
13044049
13061104
13089108
13089646
13127206
13136578
13137130
13159001
13159002
13160739
13172802
13184161
13198070
13205792
13219192
13220851
13246663
13261365
13264535
13292192
13346260
13363089
13410508
13413213
13414434
13439081
13471793
13500350
13504442
13535433
13542391
13595509
13620030
13620854
13632601
13648373
13674140
13684876
13710863
13712915
13726512
13737908
13754655
13758653
13766270
13781217
13795500
13820679
13880099
13890365
13891338
13907335
13964862
13965378
14003386
14034067
14115721
14203059
14207810
14231289
14242591
14246809
14274382
14274940
14279510
14280215
14368316
14379894
14417600
14436173
14443971
14448502
14451745
14451853
14500491
14602542
14663116
14665712
14670634
14703112
14704682
14705624
14713811
14717583
14767385
14767517
14767551
14767627
14813052
14831767
14831820
14831861
14832072
14836096
14836172
14919968
14928023
14963469
14970910
14972201
15024691
15072404
15078151
15111499
15124570
15131991
15134245
15156153
15157047
15160363
15160441
15160508
15162595
15162647
15162689
15162721
15164889
15164928
15236801
15321000
15346338
15363337
15365169
15371173
15391556
15418132
15418965
15426937
15448481
15479514
15486715
15490298
15526705
15538637
15547620
15606520
15610058
15645028
15651138
15656918
15658427
15669229
15673375
15694957
15703788
15779251
15790623
15830649
15837099
15838363
15879835
15921131
15962308
15968645
16009686
16017138
16033790
16052088
16075737
16103729
16115745
16143748
16154700
16155469
16240571
16278048
16312420
16312496
16326530
16350749
16350777
16391787
16399168
16438599
16465959
16472620
16491175
16524261
16524410
16525302
16525836
16526206
16533921
16538018
16538272
16549879
16551761
16607053
16614904
16718820
16727142
16734030
16817480
16817978
16822827
16870725
16904298
16945578
16952376
16953898
16974822
17073768
17120340
17148315
17148410
17149515
17150183
17165929
17171657
17175178
17197886
17207186
17209751
17243525
17321096
17322881
17381221
17409682
17458663
17469154
17497500
17519198
17524957
17535131
17597674
17607151
17744261
17747432
17757555
17762855
17771339
17783799
17807553
17826830
17832115
17854082
17894865
17952212
17953518
17967448
18014073
18015005
18027751
18035441
18043422
18083670
18105856
18115633
18157794
18167864
18178435
18200592
18209757
18284761
18287704
18288580
18303331
18334482
18340327
18355155
18369140
18378199
18448430
18478556
18492779
18497032
18500441
18513353
18515453
18517232
18520412
18523665
18531047
18532779
18540503
18542276
18542848
18543450
18543479
18543495
18552309
18553072
18582202
18628217
18660456
18670894
18691419
18691747
18691947
18692513
18692619
18692724
18694533
18694708
18695420
18695685
18696280
18718488
18734060
18743064
18784923
18840617
18886525
18908591
18922614
18939525
18944114
18954527
18969290
18973434
18975885
18996379
19031630
19067216
19068590
19080900
19095974
19118607
19124837
19130013
19140226
19165802
19170903
19194291
19216815
19218564
19218806
19233650
19260040
19264417
19271291
19300475
19301399
19311851
19312022
19320272
19361594
19382945
19386853
19390600
19401590
19421421
19421999
19424902
19465410
19468158
19471800
19511953
19538064
19544125
19554382
19569241
19578990
19582440
19608390
19613973
19627977
19629857
19637483
19657273
19659553
19669546
19714995
19719617
19740704
19740812
19754520
19757515
19762225
19762561
19782520
19783691
19795939
19797736
19803138
19807056
19808938
19821527
19821565
19828179
19844618
19851367
19851574
19851822
19867528
19886426
19901853
19908347
19909881
19918879
19931573
19939853
19940401
19940733
19942174
19957425
19966056
19967039
19975489
19975753
19985121
19994829
19996479
20002692
20007897
20010058
20011660
20022214
20030743
20031430
20034082
20034221
20041373
20042565
20044221
20045936
20047251
20047870
20048788
20050163
20050786
20051914
20052961
20053162
20054488
20054803
20055040
20059304
20059831
20060579
20060903
20062152
20062183
20062683
20062891
20063925
20063950
20066196
20066340
20066423
20066620
20066841
20068189
20069133
20069177
20069319
20069609
20069715
20071766
20077752
20079379
20079611
20080026
20080163
20080540
20080977
20081006
20081849
20082465
20083728
20083840
20083874
20083877
20084073
20085638
20085646
20086028
20086375
20086449
20086626
20088171
20089504
20089890
20090269
20092560
20092619
20095192
20096720
20097421
20108300
20112444
20112686
20112736
20115250
20115848
20115876
20116210
20116471
20116483
20116598
20118804
20119011
20119252
20119260
20119268
20119683
20120419
20120729
20120971
20121017
20121039
20121075
20122045
20123878
20124171
20124263
20125837
20126266
20128235
20128499
20128523
20128720
20128734
20128773
20128806
20128977
20129034
20129168
20129607
20129630
20129747
20129835
20129895
20130011
20130292
20130653
20130965
20131177
20131294
20131386
20131402
20131834
20132264
20132312
20132378
20132506
20132513
20132542
20132582
20132929
20133457
20133921
20134308
20134375
20134503
20134541
20134899
20135807
20135914
20136036
20136168
20136180
20136201
20137021
20137064
20137174
20137342
20137506
20137516
20137520
20137612
20138083
20141612
20142268
20142492
20142774
20143125
20144084
