Tempo gasto: 1 milisegundos para ordenar 4000 elementos


2515
2525
2539
3330
3647
3831
4611
4886
4890
4989
5099
5136
5172
5178
5203
5238
5295
5317
5396
5435
5441
5803
5945
6602
6848
6990
7036
7097
7241
7322
7397
7748
7801
7816
7964
8024
8025
8110
8225
8343
8371
8477
8490
8522
9342
9357
9518
9668
9704
9783
9952
10010
10183
10267
10270
10423
10710
10774
10962
11170
11174
11213
11214
11265
11472
11610
11666
11708
11798
11848
11900
11943
12048
12192
12268
12299
12303
12318
12382
12579
12887
12937
12940
12970
13050
13076
13111
13121
13362
13380
13394
13552
13808
13974
14011
14264
14287
14290
14314
14322
14374
14377
14399
14435
14468
14694
14699
14708
14757
14845
14897
14941
15220
15239
15345
15383
15385
15729
15875
15944
15962
16076
16089
16284
16326
16338
16422
16455
16457
16458
16469
16580
16595
16626
16737
16855
16866
16928
16971
16974
17037
17052
17066
17092
17135
17226
17283
17297
17303
17316
17372
17453
17592
17693
17747
17918
17919
17994
18477
18590
18728
18764
18993
19029
19150
19169
19260
19282
19306
19319
19601
20176
20299
20300
20311
20611
20734
20793
20823
20853
20913
20959
21004
21167
21194
21218
21220
21264
21267
21282
21293
21419
21421
21456
21530
21644
21794
22384
22528
22600
22888
22979
23107
23135
23265
23269
23441
23481
23501
23502
23545
23568
23686
23742
24143
24260
24261
24266
24269
24281
24285
24436
25082
25192
25235
25406
25492
25696
25765
25819
26084
26278
26362
26562
26567
26754
26785
26827
26933
26954
26969
27006
27008
27024
27288
27385
27415
27531
27644
27659
27684
27759
27883
28083
28121
28321
28327
28342
28648
28829
28845
28907
29012
29013
29108
29187
29414
29455
29594
29628
29713
30031
30222
30589
30616
30927
30969
30970
31081
31115
31130
31425
31435
31555
31652
31659
31860
31902
31994
31998
32023
32037
32082
32289
32331
32526
32713
32883
32965
33009
33071
33114
33156
33210
33223
33341
33477
33525
33814
33993
33999
34059
34453
34824
35065
35555
35697
35950
35952
35963
36069
36116
36121
36133
36221
36267
36327
36386
36490
36586
36647
36689
36724
36868
36934
37010
37910
38303
38546
38638
38663
38780
38833
38871
39267
39282
39473
39572
39586
39648
39651
39666
39704
39716
39948
40039
40143
40166
40174
40248
40453
40519
40624
40899
40911
40951
41077
41106
41218
41348
41386
41513
41584
41745
41959
42300
42348
42507
42580
42698
42729
42744
42757
42882
42938
43027
43094
43219
43656
44096
44130
44161
44198
44212
44221
44229
44288
44472
44506
44619
44698
45175
45212
45556
45630
45652
45661
45689
45936
45940
45967
45993
46339
46544
46666
46723
46911
47155
47165
47170
47199
47362
47370
48498
48584
48592
49715
49848
49875
50097
50174
50297
50447
50677
51438
51479
51485
51510
51572
51662
51850
51852
52123
52757
53016
53036
53137
53196
53337
53353
53567
53630
53701
53734
53750
53758
53843
53923
54040
54158
54377
54380
54486
54508
54544
54562
54614
54626
54694
54821
54860
55071
55236
55239
55320
55348
55467
55505
55545
55565
55668
55737
55857
55959
56093
56109
56467
56475
56662
56859
56894
57161
57166
57207
57297
57468
57493
57516
57618
57754
57765
57766
57848
57874
57901
58059
58062
58099
58101
58208
58228
58294
58467
58471
58728
58729
59182
59431
59818
59959
59970
59978
60056
60084
60164
60165
60182
60245
60343
60666
60680
60704
60864
60868
60948
61016
61063
61125
61167
61224
61259
61361
61453
61459
61470
61482
61492
61624
61747
61869
62076
62095
62230
62366
62427
62430
62452
62461
62468
62680
62787
62891
62903
62925
63003
63183
63202
63299
63320
63360
63373
63480
63524
63546
63588
63610
63657
63693
63815
63873
63881
63891
64015
64107
64117
64361
64365
64472
64551
64627
64790
64837
64842
64990
65015
65019
65029
65213
65255
65268
65412
65562
65615
65660
65813
65834
65903
65916
66008
66026
66161
66251
66265
66275
66340
66422
66718
66741
66974
67130
67145
67208
67215
67299
67397
67890
67925
67948
68099
68403
68414
68557
68705
68735
68765
68900
68905
68974
69083
69266
69370
69588
69755
69921
70085
70095
70216
70279
70586
70609
70858
71010
71272
71495
71502
71507
71534
71603
71620
71719
71774
71953
72190
72265
72427
72643
72739
72895
72965
73128
73433
73442
73487
73533
73551
73643
74053
74073
74240
74561
74568
74680
74689
74802
74821
74860
74978
75076
75167
75635
75658
75708
75709
75770
75922
75928
76484
76761
77114
77186
77482
77765
77799
77944
78195
78331
78366
78562
78919
79067
79736
79749
79782
80260
80301
80327
80493
80684
80698
80700
80842
80924
81033
81106
81453
81615
81739
81870
81893
82525
82638
82928
82935
83081
83243
83760
83783
83811
84010
84059
84229
84417
84480
84659
84697
84820
84905
84988
85094
85145
85165
85252
85725
85761
86053
86215
86525
87279
87481
87732
87853
87987
89040
89058
89121
89269
89360
89427
89621
89756
89778
90394
90426
90659
91139
91923
92245
92894
93287
93313
93408
93540
94035
94134
94270
94464
94477
94711
94783
95883
95915
95981
96190
96208
96471
96804
97286
97459
97707
97773
97992
98322
98663
98691
98724
99070
99861
99913
100002
100023
100062
100184
100186
100549
100779
101021
101053
101137
101139
101633
101682
101683
102145
102527
102859
103036
103161
103284
103311
104027
104459
104705
105210
105409
105416
105790
106220
106268
106363
106457
106647
106738
106906
107038
107630
107690
108025
108201
108268
109161
109385
110322
110520
110576
110777
110784
110921
111155
111270
112359
112435
113011
113092
113114
113265
113945
114123
114229
114543
114969
115535
115655
115678
115708
115748
116551
116940
117425
117964
118061
118120
118149
118430
118557
118731
118812
119569
119615
120489
120494
120945
120973
121094
121473
121687
121731
121746
121861
121893
122179
122322
122559
123451
123784
124104
124251
125053
125163
125594
125618
125704
126443
126788
128241
128423
128472
128796
128807
128975
130213
130271
130282
130420
130606
131154
131380
131487
131566
131664
131693
131699
131711
131719
131747
131757
131865
132017
132191
132471
132516
132533
132570
132695
132829
132875
132994
133025
133562
134087
134224
134545
134671
135250
135320
135393
135465
135706
136074
136493
136528
136656
136687
136872
136923
137112
137121
137446
137558
137671
137857
138038
138216
138299
138548
139074
139129
139889
140133
140195
140211
140237
140355
140377
140425
140519
140640
140973
141154
141335
141727
141890
141984
142057
142121
142272
142507
142624
142789
142838
143855
143979
144087
144368
144428
144559
144902
145060
145473
145994
146189
146390
146638
146726
146754
146846
146926
147004
147057
147375
147474
147586
148113
148182
148201
148242
148259
148360
148675
148825
148885
148970
149251
149287
149534
149630
149674
149684
149695
149696
149766
149777
149782
149842
149959
150285
150751
150800
150937
151020
151199
151390
151553
151783
151798
151898
151935
152071
152255
152259
152263
152783
152819
152883
153190
153292
153405
153674
153780
153877
154292
154934
154984
155072
155158
155487
155540
155649
155679
155881
156071
156309
156649
156695
156725
156775
156789
157240
157431
157524
157826
158027
158047
158061
158176
158238
158528
158818
158955
159019
159380
159749
159815
159913
160220
160554
160609
160644
160714
160994
161394
161459
161668
161703
161979
161994
161996
162163
162493
162508
162565
162677
163098
163181
163328
163384
163532
163627
163656
163809
163814
164203
164255
164306
164682
164762
164869
165205
165409
165425
165461
165480
165596
165712
165919
166006
166270
166370
166541
166679
166819
166938
166983
167013
167222
167489
167998
168084
168123
168217
168341
168546
168623
168652
168695
168757
168778
168978
169002
169050
169063
169152
169283
169306
169464
169480
169532
169556
169975
170327
170420
170599
170670
170847
171159
171562
171658
171765
171776
171811
171964
172003
172026
172178
172445
172499
172686
172700
172870
173072
173107
173151
173294
173732
173733
173734
173742
173891
174048
174527
174563
174650
174966
175069
175338
175422
175817
176000
176129
176135
176551
176653
176770
177112
177451
177540
177606
177719
177838
177892
178188
178899
179149
179175
179428
179604
179670
179739
179817
179872
179925
179935
180331
180348
180591
180627
180653
180822
180948
180950
181249
181759
181940
181972
181985
182048
182062
182069
182095
182177
182225
182364
182378
182649
182744
182830
182877
183059
183561
183599
183876
183913
183976
183990
184031
184182
184452
185266
185406
185478
185575
185842
186220
186744
186979
187084
187566
187570
187611
187671
187935
188087
188478
188661
188674
188706
188803
189135
189181
189378
189436
189486
189608
189732
189787
189828
190105
190267
190558
190735
190968
190974
191075
191205
191531
191817
191852
191875
192162
192396
192540
192589
193391
193393
193547
193620
193627
193632
193810
193853
194154
194536
194551
194598
194621
194778
195027
195089
195123
195233
195240
195511
195564
195578
195652
195927
195966
195971
195989
196010
196100
196624
197155
197389
197477
197609
197753
197763
197942
197948
198050
198134
198151
198471
198478
198629
198697
198786
198958
198998
199195
199312
199492
199609
199693
200059
200333
200845
200859
200947
201257
201415
201629
201992
202530
202716
202782
202799
203017
203027
203116
203663
203901
203907
203910
204598
204951
204959
205043
205140
205485
205735
205867
206071
206216
206916
206957
207249
207250
207533
207816
207945
208080
208095
208148
208275
208341
208499
209025
209287
209310
209796
210265
210531
211078
211424
211974
212096
212109
212356
212371
212544
212853
213360
213667
213908
214046
214217
214325
214474
214578
214596
214917
215172
215431
215540
215560
215616
215638
215746
215756
215763
216015
216080
216170
216613
216759
217660
217890
218224
218383
218793
218836
219066
219081
219447
219457
219558
219564
219871
219922
220063
220219
220351
220413
220739
220946
221043
221105
221618
221745
221754
221844
222054
222304
222369
222399
222691
222707
222913
223576
223597
223926
223968
224510
224680
224807
225187
225306
225523
225747
225887
225926
225976
226021
226302
226311
226323
226325
226328
226700
226954
227024
227437
227589
227715
228277
228317
228517
228888
229130
229202
229212
229216
229253
229351
229367
229501
229783
229845
229851
229874
229965
230036
230124
230321
230380
230588
230616
230854
230877
230940
230956
231145
231154
231194
231414
231419
231442
231617
231619
231974
231978
232293
232437
232612
232618
232624
232866
232956
233023
233110
233288
233389
233401
233638
233662
234034
234184
234247
234330
234926
235515
235551
235552
235575
235651
235824
235951
236267
236449
236530
236602
236671
236722
236735
236788
236801
236949
237127
237162
237728
237734
237878
237901
237949
237950
238085
238119
238208
238883
239103
239410
239506
239740
239824
239883
239899
240105
240314
240329
240416
240434
240617
240653
240800
240918
240930
240938
241021
241159
241182
241538
241588
241636
241770
242479
242486
242532
242569
242643
243040
243229
243299
243303
243352
243383
243442
243708
243716
243738
243814
243961
244235
244547
244603
244681
244697
244858
245027
245274
245504
245544
245574
245575
245607
245715
245896
245905
246047
246134
246351
246647
246667
246715
246916
246938
247000
247283
247562
247728
247764
247778
247870
248029
248313
248575
248713
248725
248865
248869
248871
248966
248983
249414
249520
249644
249704
249867
250234
250259
250323
250378
250536
250801
250973
251262
251277
251314
251483
251574
251644
251728
252049
252076
252095
252525
252607
252865
253332
253358
253466
253471
253475
253537
253590
253623
253796
253800
253803
253806
253811
253815
253828
253839
253842
253846
253877
253956
253979
254042
254063
254131
254168
254467
254473
254640
254707
255024
255338
255476
255562
255601
255650
255672
255788
255957
255958
255996
256078
256153
256272
256328
256369
256506
256546
256643
256758
256819
256899
256909
256927
256930
257022
257214
257568
257787
258039
258284
258321
258397
258412
258686
258690
258740
258774
258814
258838
258865
258888
259438
259807
259887
259946
260348
260451
260618
260672
260686
260717
260765
260980
261044
261259
261344
261441
261674
261711
261744
261781
261875
262380
262405
262455
262485
262557
262583
262610
262778
262925
263005
263020
263047
263237
263251
263326
263389
263776
263784
263888
264167
264323
265036
265064
265115
265145
265194
265282
265506
265648
266292
266310
266351
266374
266437
266449
266484
266648
266693
266725
266753
266787
266812
266838
266964
267160
267294
267435
267652
267708
267755
267802
267816
268072
268154
268392
268439
268481
268868
269208
269814
269889
270067
270177
270231
270345
270568
270792
271043
271083
271130
271265
271279
271486
271645
271750
271824
271825
271831
271868
271873
271954
272026
272044
272063
272269
272282
272303
272351
272706
272927
273190
273228
273256
273423
273780
273992
274062
274085
274137
274172
274271
274329
274376
274576
274590
274731
274743
274877
275219
275271
275346
275410
275443
275459
275490
275523
275536
275549
275637
275645
275877
275936
275976
276058
276120
276317
276370
276482
276491
276783
276994
277077
277207
277370
277389
277544
277555
277840
277915
277939
278090
278113
278145
278151
278197
278472
278815
278842
278876
278879
278938
279093
279246
279456
279816
279857
279969
280046
280472
280935
281220
281221
281308
281323
281357
281405
281420
281521
281703
281851
281965
282008
282860
282863
282977
283072
283090
283184
283194
283377
283550
283583
283632
283685
284208
284255
284315
284476
284855
285137
285158
285262
285442
285469
285492
285716
285786
285853
286005
286364
286438
286529
286662
286838
287037
287150
287223
287266
287269
287272
287335
287408
287417
287421
287492
287674
287690
287814
287845
287847
287901
287932
288043
288141
288170
288224
288351
288726
288842
289021
289031
289037
289288
289494
289591
289647
289665
289703
289892
289958
290021
290058
290193
290457
290670
290833
290974
291235
291649
291714
291812
292047
292121
292266
292467
292770
292780
292800
292927
292954
292973
293004
293214
293273
293743
294227
294239
294242
294250
294259
294263
294280
294353
294457
294490
294590
294645
294646
294717
294771
295130
295998
296142
296345
296361
296467
296717
296804
296844
297014
297095
297271
297611
297658
297698
297782
297901
297938
297962
298301
298423
298548
298609
298696
298759
298782
298788
298875
298893
299062
299078
299312
299328
299461
299531
299699
299778
299888
300062
300140
300433
300976
301034
301197
301233
301372
301397
301691
302017
302057
302194
302340
302419
302573
302727
303168
303217
303345
303462
303699
303725
303726
303851
304129
304187
304231
304799
304911
304920
305211
305301
305554
305670
306099
306190
306251
306538
306624
306799
306815
306919
307154
308044
308148
308161
308241
308423
308572
309092
309342
309934
309936
310103
310201
310272
310280
310325
310338
310465
310647
310679
310765
310942
311343
311356
311483
311499
311573
311659
311965
312028
312283
312303
312429
312437
312477
313180
313730
313839
313861
314200
314288
314294
314442
314588
314628
314903
314933
314982
315421
315665
315847
315965
315976
315985
315994
316079
316090
316203
316843
316900
317501
317624
317662
317690
317715
317905
317938
318021
318187
318358
319724
319798
319844
319991
320383
320489
320698
320700
320876
320877
320887
320900
321014
321136
321300
321457
321624
321897
322037
322244
322505
322511
322539
322604
322719
322881
322923
322974
323059
323132
323270
323292
323453
323706
323963
324115
324431
324517
324800
325113
325119
325263
325333
325429
325710
325819
325880
326106
326189
326202
326266
326832
326908
327092
327253
327712
327746
328040
328271
328570
328683
328693
328695
328697
328744
328847
328872
328963
329064
329310
329385
329841
330030
330055
330591
331235
331312
331500
331607
331854
331986
331987
332131
332208
332253
332525
332740
333104
333323
333390
334265
334304
334540
334781
335016
335094
335306
335445
335519
335541
335797
335819
335820
335915
336085
336220
336528
336636
336904
336947
337579
337658
337708
338438
338491
338624
338811
339142
339456
339613
339752
340001
340082
340279
340351
340761
340924
340940
341112
341124
341130
341193
341314
341525
341597
341982
342027
342264
342532
342563
342902
342965
342995
343276
343367
343607
343648
343721
343786
343862
343971
344019
344068
344230
344277
344333
344390
344726
344775
344964
345271
345341
345556
345847
346248
346260
346527
346619
346805
347408
347698
347730
347851
347865
347904
348037
348177
348251
348577
348747
348753
349274
349296
349335
349420
349481
349486
349732
349841
349979
350433
350525
350571
351101
351291
351530
352651
352764
352851
352894
352938
352941
352976
352990
353008
353298
353317
353608
353801
353940
354060
354095
354285
354372
354427
354514
354732
354854
354857
354929
355106
356213
356729
357157
357224
357820
358440
358565
359083
359198
359982
360135
360400
360470
361023
361133
361492
362139
362870
363320
363625
363626
363950
364275
364509
364567
364650
364734
364761
364785
365040
365134
365205
365227
365439
366110
366754
367289
367538
367793
367809
367810
368573
369020
369378
369409
369411
369567
369831
369839
369888
370299
370340
370700
370970
371138
371299
371716
371862
372739
372963
372978
373070
373618
374015
374143
374548
374935
375058
375249
375434
376034
376265
377217
377248
378001
378233
378586
378685
378714
378790
378852
378981
379326
379850
380239
380286
380335
380416
380433
380500
380730
380752
380923
381421
381433
381777
382523
382524
383115
383284
383550
383975
383990
384230
384379
384990
385190
385498
385824
385853
386125
386126
386220
386507
386555
386744
386799
387032
387051
387377
387467
387541
387666
387735
389482
391189
391955
392325
392431
392794
392918
393016
393094
393289
393479
393682
393722
393975
394111
394147
394336
394474
395069
395110
395380
395585
395613
396270
396355
396600
396636
396830
397034
397652
397673
397755
397911
398281
398283
398682
398860
399126
399237
399590
399640
399720
399946
400000
400165
400166
400168
400221
401039
401282
401305
401344
401569
401579
401750
401836
401887
402037
402273
402413
402516
402678
403056
403264
403522
404374
404502
404530
404676
404717
404849
404879
404923
405025
405212
405223
405225
405356
405408
405672
406056
406726
406852
406891
406902
406992
407273
407428
407469
407501
407502
407579
407716
407717
407795
408099
408145
408172
408251
408271
408406
408770
408928
408983
409039
409112
409262
409293
409591
409618
409638
409666
409939
410242
410963
410969
411243
411285
411336
411525
411911
411918
412016
412092
412180
412379
412402
412485
412997
413159
413282
413504
413567
413674
413815
414097
414390
414553
414605
414801
415041
415676
415892
416014
416075
416091
416108
416129
416158
416426
416478
416513
416557
417214
417242
417445
417521
417641
417654
417659
417664
417685
417935
418444
418557
418716
418797
418846
418974
419281
419373
419390
419721
419747
419757
419758
419840
420164
420752
420786
420805
421539
422052
422073
422107
422295
422318
422409
422414
422484
422901
423015
423439
423502
423770
423818
424127
424192
424298
424413
424414
424668
424737
424767
424889
425639
425784
426008
426336
426475
426491
427299
427360
427512
427556
427892
428140
428180
428226
428329
428594
428718
429194
429264
429331
429424
429442
429482
430427
430665
431420
431835
431865
432537
432769
432800
432812
432843
432950
432954
433060
433218
433414
433611
433914
434622
434658
434678
434792
434940
434981
435035
435049
435696
435774
435776
435946
436281
436357
436362
436478
436510
436619
436721
436824
436912
436916
436955
437010
437586
437680
438402
438462
438513
438796
439750
439923
440257
440399
440417
440423
440466
440509
440512
440717
440828
440849
440885
440959
440985
441443
441695
441753
441760
441801
441858
441860
441972
442633
442636
442649
443192
443421
443598
443646
444157
444171
444268
444430
444576
444744
445119
445172
445247
445253
445349
445377
445643
446057
446536
447208
447516
447766
448048
448049
448603
448616
448697
448698
448699
448894
448908
448936
449034
449084
449085
449087
449093
449130
449160
449296
449600
449660
449680
449764
449988
450009
450011
450046
450134
450398
450440
450577
450578
450684
450769
450905
451293
451629
452068
452481
452541
452822
452824
452992
453094
453161
453168
453623
453671
453689
453823
454188
454418
454626
454763
455196
455235
455417
455592
455620
455734
455801
455828
455974
456176
456179
456190
456336
456425
456428
456451
456457
456478
456526
456713
456913
457096
457195
457208
457400
457440
457528
457555
457829
457951
458154
458377
458499
458673
458763
458807
458986
459066
459184
459722
459929
459950
460036
460301
460452
460692
460876
461018
461024
461131
461380
461860
461896
461906
462020
462105
462307
462454
462473
462625
462846
462863
462986
463200
463344
463726
463859
464235
464299
464369
464804
464925
465014
465197
465277
465384
465449
465954
466010
466074
466078
466277
466457
466905
467140
467378
467630
467634
467670
467782
467866
468289
468386
468387
468388
468465
468471
468646
469203
469485
469647
469712
469994
470090
470192
470361
470370
470446
470498
470668
470709
471193
471289
471523
471556
471562
471659
471845
472052
472130
472141
472376
472381
472546
473221
473554
473592
473777
473946
473950
474090
474261
474283
474574
474612
474684
474725
474883
474968
475005
475138
475216
475324
475831
476307
476468
476708
476877
476899
476919
476983
477031
477193
477391
477534
477650
477766
477979
478025
478053
478385
478604
478737
478949
479002
479118
479127
479267
479285
479634
479663
479867
479926
480074
480084
480274
480340
480461
480808
481022
481178
481306
481362
481440
482412
482419
482564
482587
482650
482765
482969
483485
483505
483819
483921
483934
484297
484312
484315
484504
484600
484629
484645
484709
485024
485026
485314
485465
485591
485615
486114
486138
486542
486547
486717
486902
486915
487228
487239
487587
487691
487721
487806
487816
488078
488211
488249
488327
488499
488543
488911
489018
489086
489136
489160
489365
489419
489497
489619
489636
489822
489868
489924
489962
489965
490011
490050
490074
490231
490278
490527
490554
490608
490817
490830
490989
491123
491162
491512
491529
491915
491942
491977
492402
492733
492785
492810
492842
492847
492977
493013
493177
493269
493359
493611
493815
494208
494296
494621
494642
494823
494937
495108
495249
495651
495703
495830
495913
495927
496095
496166
496821
497099
497209
497219
497264
497370
497601
497626
497695
497746
497821
498052
498106
498449
498485
498693
498794
498859
498891
499092
499778
500114
500577
500580
500845
500886
500948
501098
501192
501693
502132
502146
502309
502331
502429
502895
503231
503376
503460
503497
503515
503529
503569
503790
504207
504308
504362
504394
504437
504690
504755
504870
504933
504938
504964
505029
505231
505425
505517
505573
505610
505708
505835
505963
505981
506121
506352
506575
506629
506715
506936
506938
507025
507108
507193
507255
507393
507420
507683
507941
507972
508080
508117
508144
508154
508163
508235
508292
508365
508391
508828
508847
508850
509332
509344
509357
509391
509894
509989
510218
510264
510375
510447
510501
510651
510741
510751
510769
510983
511221
511383
511385
511386
511733
511973
512163
512209
512210
512348
512353
512628
512775
512948
513384
513396
513548
513572
513573
513688
513757
513915
513941
514326
514384
514402
514412
514457
514562
514631
514673
514707
514746
514815
514870
515032
515111
515158
515171
515392
515408
515552
515821
515970
516334
516404
516461
516537
516643
516847
516993
517121
517137
517323
517400
517488
517600
517622
517654
517712
518045
518231
518566
518576
518650
518742
518960
519100
519217
519310
519322
519525
519697
520555
520929
521008
521038
521080
521233
521234
521259
521522
521672
521714
521773
521806
521807
521986
522081
522263
522392
522428
522435
522723
522835
522864
523123
523161
523205
523351
523446
523554
523795
524067
524111
524696
524809
524896
524924
525113
525120
525128
525293
525388
525412
525523
525564
525668
525741
525749
525817
526038
526235
526316
526351
526368
526520
526632
526719
526838
526950
527135
527267
527422
528039
528059
528214
528263
528367
528415
528445
528546
528685
528769
529007
529071
529463
529549
529578
529889
529891
530074
530091
530135
530150
530184
530246
530247
530288
530318
530324
530431
530576
530632
530647
530942
531091
531111
531195
531208
531363
531446
531455
531460
531577
531637
531662
531724
531851
531894
532131
532288
532398
532407
532504
532749
532991
533142
533168
533239
533308
533399
533512
533625
533731
533927
533951
534016
534266
534539
534550
534568
534648
534650
534781
534861
534897
534902
534963
535068
535095
535165
535352
535436
535631
535884
535954
536082
536312
536328
536347
536578
536831
536884
536985
537084
537192
537280
537324
537443
537490
537559
537625
537823
537970
538012
538057
538138
538278
538299
538344
538494
538590
538767
539087
539160
539317
539350
539455
539722
539800
539828
539876
540057
540206
540214
540296
540562
540894
541060
541503
541509
541521
541578
541619
541653
541720
541725
541837
541927
541941
542029
542182
542535
542808
542920
543012
543233
543241
543526
543694
543779
543792
543878
544039
544324
544518
545252
545261
545305
545367
545381
545422
545586
545597
545651
545823
545852
545949
545977
546041
546099
546128
546383
546396
546442
546504
546573
546719
546759
546889
547027
547306
547519
547795
547830
547865
547907
547920
548056
548133
548327
548351
548475
548536
548609
548675
548775
548815
548903
548954
549201
549206
549226
549295
549546
549549
549615
549873
549941
550225
550297
550389
550563
550809
550858
551145
551175
551306
551423
551481
551560
551613
551881
551888
551976
552141
552344
552502
552519
552628
552654
552916
552951
553118
553177
553439
553470
553502
553516
553559
553565
553689
553823
553862
553872
553890
553903
554165
554283
554287
554302
554455
554531
554569
554674
554704
554707
554815
554876
554889
554943
555028
555083
555148
555206
555408
555437
555552
556079
556108
556141
556358
556379
556392
556557
556635
556646
556673
556874
556903
557018
557051
557179
557192
557213
557246
557356
557487
557554
557604
557625
557647
557686
557715
557717
557768
557902
557913
557949
558304
558331
558368
558651
558768
558770
558886
558913
558988
559091
559474
559493
559511
559782
559957
560078
560406
560494
560544
560694
560867
560904
560984
560992
561155
561345
561420
561567
561732
561819
562098
562478
562524
562643
562783
562894
562951
563187
563328
563431
563442
563496
563514
563587
563652
563710
563841
564052
564073
564184
564447
564550
564649
564751
564810
564915
565122
565143
565148
565202
565243
565523
565747
565814
566186
566456
566495
566511
566524
566552
566625
566712
566755
566767
566860
566867
566888
566943
567001
567013
567075
567195
567281
567651
567739
567804
567901
567957
568002
568394
568425
568546
568588
568597
568612
568629
568661
568743
568784
568933
569232
569393
569394
569831
569891
570011
570113
570123
570188
570218
570276
570750
570775
570797
570865
571017
571401
571447
571564
571631
571823
571960
571966
572303
572339
572913
573268
573334
573414
573612
573795
573850
574201
574232
574344
574683
574737
574876
574878
574947
574970
575017
575061
575075
575104
575286
575376
575399
575535
575579
575744
575790
575821
575842
576227
576426
576550
576562
576627
576657
576688
576755
576854
576916
576992
577028
577133
577243
577324
577368
577456
577731
577798
577824
577861
577898
578267
578423
578564
578630
578701
578709
578742
578781
578833
578941
578973
578990
579033
579176
579242
579262
579304
579343
579530
579716
579817
579919
579977
580153
580323
580331
580414
580425
580473
580592
580911
580935
581180
581258
581421
581542
581675
581800
581878
581988
582103
