Tempo gasto: 95 milisegundos para ordenar 8000 elementos


9342
17994
21004
30969
32713
33999
34453
35952
39666
40951
44130
48498
48584
48592
54821
55239
56093
57766
63873
68414
74689
74802
75922
77482
97773
98322
102527
104705
110322
118120
130420
135250
136656
144902
149534
150751
150937
157524
164762
167998
181759
183599
187570
189436
194621
195511
197763
200859
203116
209025
214046
215756
219447
225747
226954
227024
229501
230616
233389
236801
241636
250378
251574
256930
262380
263237
264167
270067
271750
274590
275459
277915
278472
278815
282860
283685
284476
287223
289031
294645
294646
296142
297658
301197
304911
309934
310103
318358
320698
322719
323270
323292
325113
325333
325880
327712
328271
338438
339613
340940
343721
348577
348747
352851
353940
364650
365205
368573
370340
374143
375434
378001
378586
380286
381433
395585
397652
398860
399590
400166
401887
402516
404374
406726
406852
407273
407579
408770
409638
410242
412485
417214
419840
423502
429442
432537
434658
437680
441753
443192
443598
451293
453168
453689
457208
462625
463726
466905
467670
470192
471523
474612
474725
475324
477766
479663
482412
484629
486114
487721
487806
488499
489497
495703
502895
504755
505573
507025
508847
510751
511221
512628
514870
515821
515970
516993
520555
526038
526632
527267
529889
530942
532407
533399
534902
535954
536884
538299
539722
539800
541060
541837
543878
546396
546889
548675
548954
549546
551881
552344
556079
556108
557246
557715
557768
560544
562783
566511
566867
566888
567901
568546
568612
569394
569891
570775
571017
573334
575399
575842
576854
576992
579262
580331
580414
580425
580592
581878
582692
582824
584903
585174
587827
587868
591199
595610
595723
596860
596875
600105
602805
608712
608717
610345
615069
615963
617069
617984
619611
623743
626473
627429
639360
639512
644315
644941
645592
650735
652380
653920
664514
670289
672469
673370
673411
676690
677479
677720
679956
681540
682943
684231
687145
688535
688546
694135
697721
698046
699063
704672
707077
707601
709160
709169
711940
711951
717269
718556
719931
723009
723741
724022
724370
730617
730998
731108
732128
732458
736101
746412
746611
747874
748307
748771
749161
750299
751614
753328
753470
753477
754154
754364
754504
757733
758852
760687
761666
762171
762776
763126
763700
764397
765422
769327
770526
770556
770730
772606
777664
778356
779192
784846
788472
791295
791881
791966
792019
792182
792957
793550
794101
794418
795413
796228
797314
797354
797567
797738
798122
803006
803971
805527
806824
808205
808333
808351
809415
809731
809915
811631
812405
815341
815987
819076
819177
819342
820442
821355
824785
825177
825549
827062
830030
830268
831314
834029
834346
834437
835603
838258
839503
846592
846608
849869
850872
850937
851420
853571
853637
860095
861498
862983
864381
866781
867250
869689
869842
871615
874719
874979
875003
875029
875966
876345
877645
879445
881354
881789
882305
884526
885462
885706
885933
886176
890426
892257
895521
896115
899839
906229
906577
907452
908350
909462
917488
919458
921566
922170
926587
928576
929528
932668
932731
934181
938461
940325
944657
946745
947662
951230
952790
954501
958939
959255
959975
960164
963495
965342
970967
971103
971675
979596
984455
984752
985848
986927
991807
992645
992691
993592
993962
994435
996171
998569
999661
1000224
1002042
1002081
1002368
1002703
1005201
1008007
1008245
1011513
1013485
1014961
1015036
1015411
1015969
1017172
1017520
1020236
1020562
1021264
1022355
1024104
1025412
1025475
1026329
1026514
1027568
1029426
1029468
1029535
1031007
1031393
1036502
1038815
1041958
1046636
1046947
1051141
1052143
1052656
1057286
1060932
1061402
1061424
1061818
1061892
1062007
1062484
1062856
1062940
1062971
1063034
1064279
1064517
1064555
1064780
1065312
1065374
1065584
1065631
1065687
1065755
1067956
1072918
1073469
1077562
1078474
1079144
1079845
1080194
1082583
1084713
1085173
1089023
1090943
1093684
1094659
1095558
1100431
1101833
1102053
1102821
1105780
1108235
1111420
1113684
1115710
1117154
1120448
1121158
1122767
1126225
1126419
1126705
1127370
1131374
1134094
1136038
1137151
1140274
1143342
1149809
1150212
1152622
1153572
1154909
1156239
1158222
1158774
1158846
1159018
1159040
1159253
1160682
1160933
1163234
1164838
1165171
1165849
1169859
1172900
1174616
1175990
1176558
1182148
1184128
1184632
1185093
1189175
1190478
1191955
1194434
1195730
1197260
1198923
1199916
1201717
1202970
1203164
1203502
1205406
1205915
1206058
1211052
1211567
1212353
1212673
1214540
1214763
1215364
1216286
1218703
1218817
1220859
1222997
1225548
1227187
1230495
1230698
1232084
1232327
1234220
1234750
1234896
1235441
1235737
1237974
1238068
1238825
1243204
1248901
1250253
1251616
1253640
1254018
1254457
1255296
1255513
1256186
1256694
1257369
1258300
1259504
1260184
1261575
1261875
1262550
1262665
1263863
1264009
1265134
1265213
1268148
1268849
1271599
1272233
1273915
1277299
1277622
1279004
1279568
1281310
1282556
1283894
1284066
1285661
1286875
1289708
1291117
1291955
1292910
1296811
1298054
1298482
1301263
1303078
1304268
1312152
1313931
1315684
1318079
1318680
1318834
1319893
1326357
1327100
1329364
1329814
1330663
1330959
1331931
1332991
1334725
1337954
1341469
1342063
1342287
1342357
1342423
1345261
1345439
1346535
1346665
1347862
1350066
1350350
1350820
1351671
1353599
1354520
1355033
1358181
1359986
1360037
1361778
1361857
1362202
1362350
1362366
1362466
1362539
1362667
1363359
1364350
1364907
1366225
1366441
1367869
1368034
1368188
1368596
1368681
1372743
1376571
1378108
1380283
1381312
1382929
1384098
1385113
1386044
1387435
1387578
1388924
1390186
1390700
1390990
1391616
1392717
1395623
1397112
1398589
1400176
1401610
1409619
1409747
1413314
1413841
1414977
1415296
1418289
1419068
1419931
1446183
1451576
1452462
1453313
1457899
1463976
1465173
1465288
1469642
1476530
1485010
1486795
1491330
1493359
1500595
1500956
1500975
1501442
1505284
1505420
1507660
1510218
1515297
1518745
1522444
1529759
1532201
1532256
1533043
1553495
1554722
1554770
1557025
1558463
1561788
1565133
1571568
1572352
1575999
1576302
1582585
1586666
1589531
1591217
1600199
1601137
1601672
1604363
1608518
1611686
1616439
1617222
1622024
1622105
1628692
1631644
1634314
1638909
1639410
1639730
1640799
1642719
1644053
1647871
1647979
1649087
1653094
1658292
1658827
1660333
1663690
1667209
1670308
1675153
1677418
1680054
1683584
1690971
1694107
1696261
1699968
1714416
1715064
1715098
1724490
1725709
1734606
1736623
1740481
1743670
1744769
1749020
1749697
1750613
1751563
1753588
1757089
1765551
1765734
1765993
1766243
1769632
1772615
1776359
1780713
1788777
1791951
1792833
1795446
1802147
1804124
1812535
1814186
1816094
1818001
1824166
1824817
1825089
1833214
1834129
1836805
1843149
1846022
1849726
1852465
1853461
1854377
1862480
1862789
1863824
1866733
1867084
1868658
1872385
1872443
1873703
1874734
1877539
1879667
1880129
1880437
1880464
1883606
1886579
1888948
1892377
1893981
1896895
1903514
1903610
1904384
1904417
1905386
1905432
1907739
1912554
1912591
1918783
1922217
1922417
1934464
1936253
1938381
1940333
1942211
1942897
1946298
1948050
1949324
1951690
1955601
1955609
1957096
1959788
1963741
1965351
1966005
1966339
1968210
1969116
1973750
1973971
1974182
1975475
1976030
1976573
1976613
1977507
1982003
1983882
1987131
1992249
1993380
1996197
2001167
2002811
2005815
2009265
2014895
2015038
2015570
2018332
2019061
2023644
2027859
2029266
2029559
2030976
2032337
2035815
2038001
2041083
2044215
2046015
2047760
2047971
2049390
2057696
2059610
2062955
2063737
2063886
2064381
2066248
2067035
2070100
2072755
2073167
2074783
2077225
2077350
2084861
2089134
2091136
2091821
2093251
2093481
2095760
2099888
2109834
2110968
2121252
2122799
2133186
2141857
2143210
2146625
2148135
2148514
2153472
2158437
2159701
2162251
2162849
2163213
2164819
2168003
2173803
2173902
2176978
2179012
2179213
2180004
2181438
2184600
2190278
2191682
2193069
2194955
2199261
2208388
2209997
2213213
2213608
2213870
2214259
2218552
2219537
2226022
2231307
2231413
2232186
2232234
2235578
2236439
2241601
2245032
2246322
2247872
2249308
2252452
2254400
2258145
2259473
2260100
2264948
2269487
2270231
2276319
2276409
2276911
2277492
2280042
2282705
2283145
2285851
2288652
2293616
2294906
2306075
2306704
2313028
2324292
2325134
2327985
2341940
2342132
2342259
2342686
2347317
2349216
2351457
2355392
2360822
2365066
2370385
2370829
2374045
2375453
2384250
2385154
2389117
2393827
2397653
2398355
2399139
2399823
2399983
2402807
2412116
2412521
2414596
2415284
2417582
2422139
2424185
2428725
2430396
2437093
2440273
2440503
2440697
2441971
2447245
2450880
2459348
2461466
2464968
2466214
2467750
2483863
2484613
2486688
2488717
2492399
2492461
2500113
2500332
2501795
2503762
2508620
2508985
2511095
2518168
2519566
2519592
2528389
2528581
2534901
2535344
2535408
2542254
2545921
2548973
2550261
2550518
2550676
2550853
2551417
2551473
2551591
2552887
2559401
2562384
2563386
2564312
2567737
2568173
2574780
2585176
2589913
2591966
2598445
2599710
2605079
2605202
2610464
2611060
2612592
2613106
2615885
2615923
2616011
2616978
2617256
2623657
2633655
2638619
2643270
2647034
2649030
2650787
2651460
2651538
2652002
2659900
2661750
2662084
2662559
2667564
2668151
2673356
2673551
2676510
2677394
2677508
2680392
2680478
2686118
2689157
2689411
2690924
2691018
2693873
2699698
2702205
2705822
2706425
2709250
2709330
2717904
2720332
2721232
2726896
2729247
2733150
2733207
2734995
2736222
2741348
2749609
2749954
2750782
2752975
2753157
2758396
2763322
2774954
2776656
2779827
2786528
2787185
2787444
2788122
2789020
2792389
2794199
2802724
2804780
2806157
2806205
2806572
2806845
2807053
2808077
2809019
2815131
2817934
2821377
2826381
2827224
2827322
2828062
2828150
2832707
2834499
2835459
2840718
2842488
2843683
2844481
2853344
2854093
2854515
2855366
2863866
2864244
2864617
2870713
2874271
2874942
2879087
2879827
2881209
2881658
2882373
2884742
2885575
2885732
2887310
2892169
2893116
2893288
2894331
2895455
2900363
2902789
2911850
2912989
2914464
2915241
2922947
2923593
2923801
2930263
2934680
2937607
2962085
2962919
2963694
2968924
2985029
2987301
2990103
2990223
2995800
2996009
3000405
3001748
3006689
3009446
3017565
3019600
3023625
3023811
3025323
3025526
3025911
3030915
3033765
3036871
3045284
3046069
3047132
3050615
3055106
3057393
3058883
3058977
3060036
3063827
3063849
3064924
3065620
3067518
3068498
3070985
3071436
3071647
3072377
3076637
3076865
3076924
3078982
3079808
3080501
3085161
3087414
3088176
3088950
3091333
3093775
3096055
3097101
3098498
3099504
3102927
3103353
3107925
3109849
3110330
3110347
3112073
3117628
3117772
3118009
3119157
3126320
3130058
3131234
3134143
3135727
3135907
3136065
3141983
3144164
3150672
3150919
3152327
3152485
3164039
3170674
3171493
3179367
3179511
3180250
3180419
3181747
3182352
3186996
3189219
3190741
3191423
3194557
3198813
3199619
3199889
3201811
3203026
3203695
3203871
3206338
3206928
3210420
3212262
3215245
3215355
3215731
3216936
3217306
3221697
3222019
3222556
3222624
3227122
3237092
3243237
3244594
3252935
3254430
3254918
3255116
3261742
3263249
3269034
3274124
3277635
3278905
3280278
3280858
3281048
3285530
3285908
3286191
3288701
3289756
3290866
3291858
3292119
3292151
3292597
3292824
3294465
3299735
3300059
3301997
3305499
3305725
3306992
3308644
3310494
3312907
3313219
3313285
3321601
3322709
3323579
3327898
3332221
3333333
3334783
3337560
3341738
3343050
3346101
3350289
3351546
3351602
3355541
3356771
3358164
3360309
3362454
3365086
3365345
3367326
3367761
3369261
3371318
3371946
3375965
3383443
3384225
3388237
3388369
3389043
3397318
3398289
3399660
3399898
3400277
3407090
3407200
3407569
3413033
3413312
3415408
3416947
3418395
3421149
3428423
3429414
3430203
3430844
3430932
3431475
3435211
3437426
3437967
3439263
3439686
3445351
3445759
3446518
3448003
3450740
3452476
3454740
3459809
3462345
3464008
3465658
3465953
3469599
3470422
3470626
3470747
3470909
3476249
3476960
3477910
3478870
3480872
3487220
3487818
3490613
3492606
3493973
3494148
3502504
3504079
3505366
3507826
3509286
3509664
3510308
3516367
3516784
3516803
3516893
3517533
3517762
3518823
3518835
3520191
3523624
3526598
3528151
3528336
3530596
3531566
3532295
3534398
3537296
3537668
3541902
3549841
3551243
3556156
3556663
3557551
3557640
3557784
3558574
3558984
3561647
3562428
3566418
3566487
3567156
3567686
3568254
3569532
3574048
3575310
3575816
3576356
3577522
3579435
3581322
3584785
3589938
3592889
3600767
3601816
3602240
3602833
3609924
3610387
3619136
3623582
3623766
3623949
3624039
3630116
3630731
3633252
3640666
3651083
3652103
3652554
3655903
3658459
3661905
3664533
3669655
3669732
3670346
3670560
3676344
3680875
3681944
3683171
3687912
3687952
3689894
3691272
3693709
3694189
3698347
3700326
3708380
3708549
3709695
3710537
3713569
3715031
3715127
3718164
3722595
3723186
3723285
3725094
3725665
3729388
3730373
3733684
3736614
3740168
3744429
3752701
3753968
3755240
3767204
3772376
3774165
3777374
3778451
3778650
3778727
3782772
3785057
3785347
3800644
3804941
3810613
3811219
3816684
3817420
3819357
3823331
3826186
3830174
3830936
3838884
3844273
3860015
3871169
3875886
3876683
3880793
3886990
3904092
3910174
3910966
3923956
3928062
3930509
3939233
3943126
3957544
3960199
3964215
3966663
3974737
3977700
3980130
3983812
3988683
3991350
3992757
3992798
3995921
3998234
4001645
4007068
4008153
4009333
4009545
4011689
4011806
4014662
4019156
4020000
4021336
4028703
4028820
4030792
4037167
4042742
4044607
4047592
4048871
4051232
4055674
4058636
4058885
4059726
4061849
4064096
4065107
4067671
4072978
4073301
4074436
4078642
4080071
4080652
4080832
4088953
4089442
4089705
4091765
4096907
4103740
4104102
4109066
4111071
4111177
4113572
4115792
4123922
4125643
4125788
4128741
4131246
4132978
4133072
4141934
4142920
4144214
4146707
4152785
4157461
4159559
4160079
4170187
4171009
4173893
4175704
4177665
4182534
4182935
4184773
4186463
4194324
4194826
4201077
4201946
4202124
4206536
4206844
4217005
4217734
4229424
4232270
4239905
4240229
4246300
4246945
4253617
4259093
4259790
4259798
4265117
4266457
4281682
4282781
4283379
4289184
4291289
4293011
4303196
4304278
4306290
4307635
4308103
4308138
4310947
4314263
4315991
4319894
4321897
4322589
4323534
4329223
4335825
4341185
4345452
4345550
4346793
4347056
4347104
4350034
4350070
4353357
4353593
4353626
4354606
4355020
4355098
4355138
4356427
4360138
4373002
4377079
4380654
4381425
4385903
4391862
4392236
4397396
4400115
4401003
4401700
4408229
4409962
4409994
4411520
4414769
4415132
4415919
4416640
4421966
4425846
4428101
4432878
4434153
4435815
4436028
4443467
4444195
4445064
4450505
4450666
4452537
4453356
4454065
4455004
4455932
4455952
4457247
4459738
4461260
4461374
4461376
4461412
4462262
4466640
4467628
4467670
4468194
4471198
4472508
4472567
4473010
4478240
4478960
4479260
4480574
4482903
4487880
4489971
4492740
4496316
4497498
4502462
4505784
4507287
4508140
4513580
4514004
4515628
4516517
4518417
4519815
4522795
4524568
4529204
4530874
4535547
4536799
4536979
4537727
4541191
4543760
4544997
4550705
4551652
4555353
4560371
4561601
4562133
4568741
4569276
4569873
4569903
4571126
4571434
4577100
4577827
4580762
4580899
4581988
4583944
4584600
4585266
4585680
4590190
4599179
4599408
4599758
4601276
4601315
4601494
4603143
4604836
4606750
4609795
4613549
4615132
4617325
4624421
4627562
4628749
4640811
4641274
4641553
4648955
4654418
4656901
4659998
4666072
4667062
4667455
4668465
4668775
4672942
4673955
4674419
4674647
4674903
4675587
4676560
4677250
4677577
4677624
4678525
4684798
4687116
4687188
4688145
4690442
4692372
4696099
4697300
4703775
4704267
4704292
4705214
4705462
4708678
4709089
4711721
4716092
4716640
4717792
4722419
4725963
4727464
4728102
4728328
4728410
4731727
4735236
4739664
4739885
4740811
4740827
4742022
4744058
4744842
4745025
4745344
4745836
4752532
4753197
4761733
4762949
4765022
4766116
4766306
4766761
4766765
4766925
4768904
4770900
4771539
4772627
4773013
4773032
4790423
4791476
4791918
4791925
4793055
4798006
4804383
4805327
4805432
4805824
4806693
4808393
4809402
4812099
4813239
4819497
4821814
4822457
4823428
4827827
4827945
4828170
4828217
4835026
4835548
4836562
4841125
4843424
4843596
4846043
4852479
4853759
4853891
4859989
4864719
4871016
4871747
4876735
4876969
4877204
4877726
4880464
4880641
4884557
4900956
4904841
4907084
4912073
4915382
4920531
4920850
4921217
4922114
4923336
4923633
4926470
4927339
4930778
4934481
4936400
4936537
4936588
4938326
4939710
4940228
4944452
4944590
4944891
4946420
4947623
4955542
4956389
4958564
4962230
4962795
4963364
4969806
4974125
4992753
4999668
5001067
5003224
5014635
5017898
5024442
5027843
5030210
5032663
5033143
5036597
5043194
5054759
5056195
5062856
5065855
5070458
5076115
5083850
5090552
5090682
5091842
5092683
5098260
5099175
5099558
5108844
5111602
5112640
5120112
5120215
5121110
5124213
5124745
5129000
5131968
5148373
5148566
5152832
5155394
5159335
5165577
5166579
5168420
5169328
5176340
5176860
5177116
5179449
5179882
5180208
5183784
5187809
5189161
5189507
5190834
5193833
5193949
5203163
5210145
5210562
5211669
5215723
5216981
5217713
5217824
5225119
5227779
5229112
5233617
5233766
5234349
5236869
5239782
5240672
5255828
5256521
5257382
5259439
5260557
5263507
5266569
5267624
5270561
5276453
5282786
5285113
5285964
5286117
5286376
5289434
5290803
5294791
5295344
5295973
5302158
5307851
5308351
5311057
5312245
5313635
5314839
5323013
5323085
5334293
5334530
5343399
5350457
5353732
5356420
5360567
5370857
5377071
5378144
5389070
5390509
5391304
5392268
5392341
5398809
5399094
5399556
5405062
5408684
5413115
5419555
5419764
5429027
5429746
5429986
5435580
5438771
5439961
5440939
5443717
5445666
5447983
5448364
5452339
5457053
5460658
5464517
5467401
5467500
5468980
5473771
5476539
5484208
5485262
5485905
5486890
5487865
5488031
5493274
5493644
5493787
5497613
5497786
5497931
5498564
5503264
5505121
5506550
5507666
5515516
5515531
5515795
5517853
5518343
5518794
5522088
5528683
5529436
5529852
5530702
5539538
5541201
5546691
5548777
5549471
5551496
5552751
5553363
5554779
5556007
5556449
5559091
5560341
5562148
5564475
5565934
5566391
5568597
5575782
5578202
5579404
5582824
5588561
5594686
5596464
5598520
5600640
5601406
5601653
5603915
5605158
5609074
5611260
5613229
5615450
5625331
5625382
5629446
5634096
5634757
5635764
5639686
5639844
5640787
5644605
5647765
5648153
5649824
5650752
5651462
5655686
5656472
5658768
5662186
5663210
5663741
5663980
5664255
5665168
5669149
5669410
5674960
5675731
5676300
5677199
5677276
5679404
5679488
5679982
5680537
5681532
5681739
5682216
5682548
5682738
5683749
5691004
5691466
5691811
5691956
5699532
5700591
5701902
5704959
5706773
5708304
5711576
5711652
5711792
5711944
5712033
5716005
5716300
5717198
5723521
5724027
5726161
5727262
5728241
5732606
5733855
5745891
5746469
5748536
5752076
5752524
5752590
5753358
5754388
5754685
5766257
5767564
5770651
5771122
5772315
5775457
5777815
5780755
5780932
5781461
5790322
5791186
5791626
5792519
5792647
5792807
5793491
5794029
5800676
5802784
5804113
5807949
5811295
5814840
5814961
5817926
5820044
5828549
5830203
5831552
5831655
5833233
5840993
5841687
5845908
5846592
5852559
5857069
5857485
5862381
5865961
5879293
5881818
5882180
5889135
5896436
5898187
5899522
5901798
5903443
5908009
5908352
5910106
5911103
5912356
5913385
5914055
5924609
5926031
5926746
5935788
5940508
5944849
5946053
5950157
5953580
5954821
5957484
5962015
5962078
5964249
5965425
5965755
5968012
5971540
5971912
5973549
5975572
5977049
5981388
5982513
5985960
5986932
5986982
5987705
5989297
5989968
5993610
5995922
5995941
5996038
5997247
5998015
5998017
5998400
5998911
5998927
5999409
6003388
6003504
6010997
6012070
6014438
6022787
6022797
6023035
6023154
6023495
6024288
6024707
6024926
6025081
6025219
6026096
6026220
6026738
6037234
6037545
6037852
6038703
6039218
6039305
6041747
6042757
6046901
6048620
6048651
6048718
6052042
6052526
6052673
6054418
6055322
6057158
6058028
6059287
6060704
6062960
6063983
6070233
6070831
6072195
6073079
6073107
6082284
6082670
6085750
6085930
6096518
6097562
6098137
6099242
6112511
6113524
6113551
6115195
6117583
6124041
6124044
6128150
6129434
6130116
6138368
6140189
6143152
6143355
6156147
6158061
6160467
6161829
6174718
6175752
6178608
6182382
6184846
6187465
6188274
6189945
6190453
6192931
6193644
6194250
6194546
6194748
6195516
6196542
6197083
6197982
6197994
6198977
6200415
6204517
6204578
6206000
6207071
6207589
6209334
6209394
6210284
6210740
6210790
6211059
6213952
6218787
6219869
6220590
6221104
6222097
6225458
6225635
6229512
6234722
6237482
6241100
6242517
6244381
6246867
6247516
6252149
6252646
6254870
6259060
6259468
6260117
6267523
6268747
6273529
6273747
6274536
6274612
6274708
6275550
6278981
6287220
6290247
6292641
6293123
6293554
6296733
6297082
6297323
6298024
6302543
6309021
6310335
6312567
6314568
6319661
6320875
6320925
6322248
6322501
6325965
6327245
6330758
6331399
6331548
6332468
6333600
6336031
6336572
6342871
6342971
6342989
6344599
6346561
6349594
6352303
6354931
6355746
6357215
6357885
6361045
6368035
6368645
6374463
6379884
6381373
6383991
6384150
6388172
6393254
6393647
6395019
6395707
6396008
6396307
6399063
6401858
6407918
6409025
6410851
6412997
6415274
6416940
6417172
6428774
6430553
6430585
6431439
6432262
6439338
6439834
6440671
6443819
6446230
6448011
6451272
6455477
6458029
6460370
6460564
6465669
6465978
6469168
6472168
6486356
6488873
6490778
6495864
6496842
6499318
6506978
6507559
6508652
6512202
6517370
6518420
6518674
6520357
6522732
6522746
6523990
6524050
6526751
6527342
6530518
6532326
6533050
6533564
6538399
6541176
6541435
6542767
6547121
6547259
6549069
6550709
6550846
6552236
6552411
6553356
6553809
6556587
6557927
6558030
6565679
6566631
6568185
6573201
6587317
6587905
6599882
6601256
6604389
6607284
6609655
6612250
6617509
6618669
6619471
6620777
6622554
6624062
6625358
6633420
6636622
6641583
6643211
6649260
6650177
6652753
6653261
6654545
6654569
6655291
6656731
6657057
6657204
6658761
6661546
6664290
6664636
6664853
6666099
6667737
6671923
6672585
6675025
6679815
6681340
6685699
6688630
6696241
6696778
6699004
6702726
6703907
6704161
6704520
6708443
6709626
6715013
6720608
6721408
6722598
6726286
6728930
6734183
6734336
6739175
6739244
6742226
6745996
6747147
6753603
6754208
6755931
6756070
6756321
6756543
6760876
6761037
6762635
6768937
6771841
6771847
6772138
6774588
6776192
6781344
6789786
6792813
6794066
6794735
6802749
6806341
6807000
6807036
6810819
6815692
6817649
6819906
6821750
6824639
6824713
6825548
6827706
6827808
6830857
6832319
6836533
6840171
6841687
6842929
6844099
6846774
6847618
6847704
6850982
6851400
6857867
6858453
6859333
6863181
6863593
6867813
6869858
6872926
6873516
6873914
6874901
6875372
6876777
6877600
6882171
6884043
6892944
6893154
6894345
6894512
6895079
6897854
6899802
6904122
6907118
6907485
6909565
6912236
6917342
6920785
6923865
6930499
6932642
6933634
6934160
6935244
6936822
6937089
6937817
6938720
6945027
6945450
6951088
6962117
6962121
6962199
6962632
6965691
6971542
6978700
6978936
6982884
6983381
6984978
6986069
6987570
6990838
6992525
6997372
6998098
6998335
7000183
7001191
7003029
7005397
7014155
7016293
7018305
7023173
7027668
7028506
7028861
7031178
7032887
7033221
7037545
7039478
7039547
7039564
7042289
7042767
7043967
7044439
7045523
7050654
7052300
7053945
7056614
7058091
7060537
7061970
7062001
7064100
7064357
7065979
7066386
7067193
7067965
7068049
7070487
7079744
7081738
7082833
7088158
7092978
7098046
7099422
7099850
7103994
7114394
7118315
7121021
7121793
7122845
7126037
7126424
7130309
7131478
7143584
7145027
7145637
7151422
7152513
7154864
7159951
7164871
7167389
7167536
7168192
7168852
7170186
7171653
7178058
7178563
7184715
7185239
7185725
7186660
7196464
7202985
7210837
7216654
7216775
7218717
7220024
7220419
7222381
7225587
7225849
7232913
7233454
7240013
7240701
7241307
7245079
7250649
7253912
7254156
7262973
7263348
7266979
7268641
7270004
7272109
7272144
7272487
7272864
7276681
7281084
7281707
7286013
7286261
7287509
7295915
7297727
7301997
7306308
7307540
7312306
7315172
7315524
7315998
7316196
7320814
7334606
7336824
7337128
7340820
7347323
7352856
7354358
7356721
7357735
7357881
7357963
7360296
7364217
7371229
7374506
7375314
7375976
7377966
7380242
7380408
7385086
7385893
7386260
7386662
7387415
7390430
7391665
7392764
7395414
7395920
7398182
7405600
7409443
7409462
7413284
7413682
7414295
7417536
7417891
7418925
7420529
7424074
7426930
7427474
7428604
7429205
7429603
7431512
7432368
7433876
7442327
7446745
7450283
7457867
7465081
7465608
7468807
7468978
7470310
7474143
7476566
7478860
7485149
7490779
7490806
7493447
7502457
7510217
7510273
7513603
7514695
7515052
7520050
7524907
7530578
7535601
7538082
7538563
7538665
7538965
7543280
7544086
7550801
7555145
7555680
7556336
7557005
7558191
7568393
7570915
7571568
7572805
7573778
7576998
7590131
7590664
7597072
7598590
7602050
7604032
7605989
7607362
7607907
7609238
7610545
7613198
7627977
7630390
7631538
7631646
7633948
7641553
7643214
7644798
7646426
7649056
7654474
7661444
7667305
7669693
7673056
7674693
7676207
7682306
7686703
7686747
7688691
7692064
7696600
7701716
7701867
7702722
7704477
7704653
7706049
7707531
7707984
7711979
7713939
7718943
7720057
7722947
7726369
7726667
7727250
7728000
7730547
7735094
7736961
7737916
7738022
7739970
7740235
7740727
7753947
7754556
7764725
7770058
7781389
7785405
7795503
7816943
7824983
7833439
7835030
7839302
7842021
7850358
7851399
7861573
7862036
7870434
7882311
7884496
7909525
7911686
7926135
7934278
7936602
7940594
7945080
7946445
7948324
7948679
7958609
7964494
7970519
7977399
7977468
7977780
7978462
7994196
7997273
8006501
8010344
8019935
8020323
8024948
8041436
8044566
8051714
8052004
8058928
8059056
8061940
8062157
8062948
8063699
8064477
8070146
8070283
8071039
8074819
8078351
8095714
8096509
8100533
8100714
8102244
8103391
8104884
8112924
8114871
8115747
8121197
8122486
8129027
8136227
8143461
8146081
8157131
8166244
8167279
8171127
8176043
8190077
8197197
8199688
8199717
8209210
8216117
8218584
8219003
8220483
8220527
8225010
8230419
8231490
8232271
8234326
8239099
8246453
8250328
8251470
8254611
8258804
8260345
8263720
8272127
8272404
8285138
8289096
8296847
8297547
8301040
8301105
8315868
8320665
8322604
8337512
8346982
8347065
8350904
8351668
8356404
8358228
8358854
8359159
8363840
8368790
8375703
8376993
8377390
8380009
8380104
8384291
8388736
8389070
8389559
8390122
8394085
8396468
8396479
8402829
8404187
8408743
8409148
8412504
8414428
8417867
8419111
8419628
8421830
8426724
8434368
8435033
8440676
8443931
8453575
8460399
8479088
8479435
8480519
8480877
8481950
8484250
8484343
8492205
8492741
8494710
8495250
8495295
8495380
8495506
8496918
8498204
8500259
8500401
8500822
8501212
8502260
8503265
8509668
8510544
8513672
8514809
8515025
8518336
8518759
8519108
8522839
8525469
8528948
8530665
8537243
8537427
8538842
8544859
8544886
8550518
8553193
8563563
8573026
8577835
8587966
8591612
8593946
8595542
8595575
8604110
8605453
8606303
8609610
8620766
8621716
8623401
8627174
8628116
8630604
8631618
8638592
8639623
8640213
8644634
8656542
8657068
8658610
8659615
8670715
8670791
8679400
8680520
8685505
8686675
8691820
8694390
8696077
8697279
8707396
8711738
8716052
8718111
8724670
8727061
8728028
8729668
8729696
8734243
8735023
8744063
8750138
8757558
8759293
8759332
8768125
8769065
8771771
8773494
8780105
8785134
8787757
8795378
8804883
8805843
8805981
8806422
8806981
8807592
8809056
8820477
8822517
8844587
8854114
8855296
8862585
8871329
8871516
8871966
8872163
8874794
8875811
8878939
8891222
8896185
8897034
8897353
8897616
8903974
8907390
8910849
8911105
8914494
8917821
8929486
8932519
8939053
8939397
8946279
8947003
8948115
8956031
8959856
8963880
8964933
8970519
8978247
8979682
8981026
8985288
8990528
8991792
8996685
9006482
9008952
9010278
9010300
9016558
9018972
9022454
9023980
9024063
9024088
9028058
9037068
9045088
9045089
9046781
9053808
9055056
9057167
9057376
9060936
9072650
9074790
9075537
9082523
9087465
9093083
9101974
9102696
9107359
9107770
9108491
9127335
9128454
9128995
9130190
9131204
9131623
9142663
9143239
9145325
9148142
9149417
9161452
9162574
9164031
9164152
9164960
9166757
9168666
9177773
9180143
9182752
9183994
9184179
9185075
9185933
9193359
9194277
9196055
9208275
9208284
9208504
9213362
9213492
9214780
9222234
9225066
9226048
9227178
9238481
9244024
9244482
9248025
9265141
9269614
9270346
9271939
9273292
9306178
9308791
9310955
9314710
9314888
9316359
9324038
9326540
9328160
9338421
9339211
9340449
9340539
9341799
9342314
9343103
9353416
9353769
9354364
9364960
9366810
9367678
9375897
9376203
9377861
9379167
9387646
9388859
9397443
9398478
9398548
9403355
9407193
9408631
9418028
9419199
9420800
9422714
9426297
9426602
9427259
9430172
9431424
9432549
9443273
9446189
9457150
9457606
9459435
9459633
9466839
9467204
9467975
9468773
9469940
9474735
9481611
9482539
9483224
9484622
9485598
9498617
9499649
9500785
9507583
9508034
9514861
9524652
9524859
9530665
9535706
9539078
9542014
9543886
9543924
9555802
9558677
9566552
9566564
9566604
9569712
9582808
9586032
9587460
9589760
9592042
9601858
9602401
9604615
9605317
9605487
9605683
9606678
9607616
9618520
9620313
9624119
9628819
9638757
9640467
9643838
9644070
9645696
9647866
9648477
9650653
9656346
9657492
9658145
9658556
9658739
9665865
9670774
9671115
9673107
9673938
9675109
9675454
9689152
9691397
9700782
9709073
9710648
9710903
9712186
9712539
9718666
9721782
9722081
9723546
9725518
9747191
9747345
9755044
9755087
9761763
9765141
9765893
9766579
9766936
9767787
9768610
9768883
9773867
9774787
9781744
9782095
9783123
9792997
9800614
9800850
9802361
9802510
9806365
9809859
9830334
9830733
9832711
9835515
9835614
9835653
9835690
9836041
9841972
9842011
9842022
9842034
9842051
9847138
9847368
9853199
9854184
9854424
9855447
9856791
9860717
9867585
9869300
9871588
9873592
9873881
9879160
9881614
9890356
9895573
9896410
9897072
9911636
9912144
9912880
9913906
9916820
9918496
9921382
9923574
9925694
9931148
9932008
9932725
9933628
9934524
9934932
9935179
9949501
9962282
9962558
9962640
9964322
9971599
9972196
9982576
9983805
9984090
9987231
9987340
9987796
9988908
10007224
10007317
10008870
10010861
10016909
10019997
10027251
10029285
10031995
10032107
10032640
10045463
10045896
10047973
10049291
10066800
10070272
10094334
10100493
10110180
10115411
10118452
10118878
10120355
10120627
10127098
10129773
10129961
10134549
10135380
10141384
10146324
10147261
10155253
10160251
10187638
10214849
10240021
10241251
10242463
10257468
10258889
10262024
10262231
10263307
10265594
10275336
10277418
10277998
10278906
10279603
10291568
10292229
10294107
10322322
10323720
10325848
10325974
10334025
10346411
10350815
10358148
10360343
10371017
10371705
10372346
10373349
10377110
10380940
10381724
10386772
10397968
10401271
10401878
10406676
10419735
10424196
10424951
10425414
10432583
10445062
10448439
10451980
10454174
10461161
10473930
10480504
10491158
10493709
10495391
10497778
10505039
10505791
10513315
10514728
10519537
10533152
10533563
10539758
10541421
10542054
10542407
10554008
10555952
10557345
10566757
10571388
10573823
10578951
10579046
10579732
10579891
10580564
10581816
10582423
10582543
10584855
10585405
10586287
10605683
10605775
10609710
10616995
10633304
10640525
10647235
10649267
10655267
10667430
10669323
10672507
10673278
10673558
10673833
10681481
10691128
10694718
10696686
10700852
10707034
10716513
10725859
10744247
10762805
10769269
10774958
10775850
10783210
10783268
10786057
10795658
10798782
10802438
10814894
10814996
10818785
10834668
10834801
10844076
10855097
10870115
10876413
10879572
10881963
10884072
10884388
10892442
10895733
10897584
10903082
10906711
10915067
10917409
10920687
10921947
10930100
10940284
10948582
10952339
10953932
10955759
10956183
10957415
10959630
10963615
10974401
10975398
10983673
10985268
10998041
11005162
11005163
11006933
11011695
11012354
11016810
11019917
11025426
11026964
11027890
11030001
11033189
11048443
11051271
11051912
11052161
11053352
11055426
11055672
11056591
11057468
11058232
11059800
11063089
11075727
11076529
11077630
11080181
11082793
11084923
11093803
11097698
11097798
11112283
11112314
11112658
11122880
11129563
11129956
11130399
11131065
11133275
11135374
11136200
11136680
11139905
11143226
11145318
11152486
11153456
11155682
11155986
11156176
11156887
11159036
11165802
11171015
11172196
11172421
11173603
11173843
11176950
11176969
11179774
11180258
11181469
11196371
11206770
11208586
11209191
11215532
11225401
11230163
11233469
11240426
11248960
11249452
11252697
11256250
11265543
11266443
11266759
11267272
11269165
11270024
11270400
11271638
11273148
11274507
11274857
11278347
11289072
11291816
11293992
11304497
11307361
11310494
11310676
11311046
11312005
11321552
11329669
11336871
11349020
11349372
11349615
11355653
11355934
11356285
11356494
11366269
11371459
11374706
11381479
11382221
11384793
11385244
11386843
11387548
11389602
11390665
11392477
11405185
11407274
11408801
11412291
11424358
11427687
11431151
11439686
11447380
11448309
11451030
11453590
11453841
11455193
11455210
11467646
11493893
11494094
11495634
11502110
11502492
11505726
11510356
11516504
11521797
11522022
11524608
11524672
11537589
11539152
11540129
11540369
11559458
11565249
11565570
11576854
11580876
11580877
11581491
11583603
11587283
11587653
11597188
11598677
11598776
11599458
11599475
11599808
11600615
11602730
11604494
11605254
11614494
11615086
11615774
11619209
11629013
11629723
11630865
11636190
11639313
11643796
11645186
11646531
11646839
11647908
11650709
11651472
11651567
11656915
11663141
11665679
11666519
11668262
11671059
11671165
11672442
11683806
11684366
11687274
11687702
11688381
11689271
11691647
11692615
11693232
11698527
11702950
11704253
11707176
11707247
11710048
11711250
11713117
11718379
11726295
11748204
11749657
11755351
11765694
11768925
11771527
11772801
11774479
11780110
11780934
11781279
11781355
11784545
11785338
11785339
11786797
11787269
11789973
11794679
11795751
11796582
11804866
11805692
11805780
11807497
11811465
11812275
11815308
11823184
11823288
11832249
11832921
11832928
11833168
11833506
11833539
11841772
11842209
11844889
11849369
11856182
11856309
11858648
11860375
11860726
11864231
11877183
11877978
11880534
11882245
11884415
11884456
11888116
11888442
11890174
11890370
11895850
11897717
11898184
11899182
11900610
11901038
11903232
11903818
11904899
11905291
11908897
11909552
11915075
11915617
11915726
11916110
11920492
11920680
11924432
11933685
11934590
11935458
11938820
11940008
11940489
11952048
11953214
11954332
11960966
11972971
11975744
11977373
11977566
11981349
11984821
11995725
11996690
11996913
11998983
11999733
12001449
12007431
12013139
12016574
12017680
12019303
12020343
12020821
12024940
12034937
12044271
12045204
12047806
12047963
12050263
12050982
12051081
12060976
12062257
12065113
12065767
12078962
12079130
12079726
12085327
12086934
12095757
12097953
12102643
12103775
12103865
12104509
12104901
12105472
12105537
12109278
12117690
12118573
12123120
12123672
12123909
12126818
12133376
12140244
12141980
12142407
12143706
12145931
12146446
12147043
12147489
12150107
12159770
12161696
12162569
12165531
12169903
12172117
12179448
12182220
12183621
12187310
12188054
12193711
12194570
12196832
12198339
12198967
12201962
12202342
12204814
12217028
12223030
12227557
12237096
12237651
12239781
12239905
12240284
12241166
12242761
12244645
12245446
12246683
12248216
12257539
12258654
12260009
12260479
12266594
12266798
12269812
12271399
12278586
12278707
12279419
12279425
12279792
12281719
12282373
12284568
12291411
12297596
12297745
12303935
12313463
12318853
12319934
12321400
12322120
12322644
12329382
12335088
12337908
12338638
12340851
12348459
12351408
12355517
12355701
12355982
12356546
12359488
12360734
12363854
12372143
12372648
12377426
12378436
12381633
12385219
12391664
12392964
12393408
12394902
12395723
12397137
12397785
12398690
12400947
12401116
12403028
12414133
12415880
12417127
12419840
12419959
12423521
12425808
12428233
12429307
12437570
12437783
12438481
12439359
12439461
12440458
12440520
12440658
12442292
12442964
12443071
12465173
12465393
12477131
12477335
12480162
12481131
12481875
12484402
12488408
12490398
12490419
12500469
12502106
12503766
12505796
12507137
12510625
12528347
12529240
12530928
12537147
12543144
12549767
12551078
12554251
12557767
12563748
12564193
12564212
12568057
12568920
12569410
12573600
12574391
12578697
12581378
12584340
12584603
12584693
12584700
12584802
12588228
12588302
12596757
12597834
12599999
12602447
12603704
12619541
12622063
12624439
12628279
12634400
12639129
12640151
12640281
12641381
12642118
12644685
12645936
12658751
12663688
12663855
12665829
12666306
12667131
12668301
12668315
12668361
12668895
12671650
12674824
12674985
12675115
12678067
12678793
12680147
12685780
12687703
12689689
12694477
12694769
12697237
12697519
12698138
12698698
12699997
12700315
12700644
12701703
12704272
12705375
12709127
12717734
12718589
12720882
12721472
12722182
12725313
12727026
12727560
12734806
12736383
12737745
12745449
12749889
12752584
12756008
12772361
12772990
12776592
12786616
12789555
12799483
12800822
12801070
12801218
12801365
12802455
12802571
12805100
12810933
12816818
12825719
12826279
12830888
12831149
12831349
12839630
12840626
12843000
12847056
12849020
12849889
12857967
12862969
12863062
12865019
12867075
12869926
12870687
12875601
12876386
12881511
12894329
12894561
12894879
12894998
12895647
12898757
12901088
12904284
12906633
12907414
12908432
12920001
12925043
12925648
12925912
12926843
12927357
12935817
12937452
12938568
12938655
12940346
12941376
12944084
12953414
12958132
12961597
12961876
12963724
12964841
12965301
12965649
12967271
12969817
12970056
12976064
12976100
12976133
12976143
12977428
12977550
12977655
12982274
12982854
12993888
12994171
12994891
12995589
12995603
12999864
13001090
13007934
13010041
13011007
13012715
13013675
13016371
13016586
13017630
13019206
13027771
13036079
13036593
13040012
13040233
13040358
13040422
13043171
13044049
13044420
13051365
13055160
13056241
13057950
13059963
13061104
13061292
13062488
13067164
13069328
13069395
13070232
13072178
13075274
13077651
13080857
13083765
13083881
13085817
13088804
13089108
13089646
13090001
13090041
13092904
13093872
13096163
13097488
13097873
13102899
13103377
13104344
13105381
13105852
13106639
13109026
13111693
13118599
13119926
13122017
13122030
13122346
13126951
13127206
13131511
13131994
13134085
13134242
13134495
13135083
13136552
13136578
13137130
13140012
13142455
13146717
13148429
13148585
13148727
13149559
13150776
13151617
13151750
13152868
13158921
13159001
13159002
13159283
13160739
13162125
13163151
13166229
13167238
13168560
13168981
13172077
13172802
13175810
13178209
13178301
13181307
13184161
13184211
13184919
13188175
13189382
13190547
13194163
13195166
13195493
13195667
13196015
13196253
13196479
13196489
13196547
13198070
13198400
13201033
13201228
13201693
13204472
13205126
13205578
13205792
13205819
13206547
13213081
13213115
13213329
13213395
13216540
13217193
13219192
13220155
13220851
13226525
13226760
13230424
13230887
13232227
13233643
13233667
13233983
13240890
13243111
13245047
13245209
13245673
13246663
13248396
13255199
13255382
13256282
13260814
13260827
13260829
13261365
13263748
13264535
13266006
13267147
13267415
13268393
13268523
13268823
13270656
13271016
13271994
13272503
13274675
13274743
13277061
13279622
13284766
13287601
13288038
13288393
13288667
13291308
13292192
13292655
13293165
13296015
13304208
13311846
13320363
13321736
13324151
13326032
13326082
13327056
13329357
13330999
13331314
13332940
13336764
13337682
13338846
13341711
13342183
13344259
13345162
13346260
13350460
13351777
13353048
13355458
13355531
13356132
13363089
13365198
13365316
13367109
13368170
13370669
13372144
13373727
13376081
13381837
13383618
13383757
13384111
13385873
13386132
13386198
13388345
13389197
13389863
13391104
13396309
13396700
13401909
13404295
13405268
13405305
13405709
13408742
13410508
13413213
13414434
13420986
13421441
13421979
13423845
13424059
13426186
13426626
13426701
13427471
13428842
13430660
13434190
13435509
13435614
13436883
13438838
13439081
13439840
13443743
13448948
13453950
13455457
13456115
13458040
13458107
13458695
13458792
13464285
13464901
13465453
13471793
13471854
13472044
13472174
13477008
13477350
13477566
13481599
13482979
13482988
13486875
13489341
13490082
13491998
13493389
13494372
13498266
13500350
13502016
13504157
13504442
13510277
13512826
13516786
13518523
13518781
13521472
13535433
13537177
13538447
13541455
13542391
13542777
13547226
13551739
13553853
13554111
13555538
13556438
13556906
13557062
13559056
13559329
13559824
13562737
13567267
13567685
13569843
13570314
13572465
13574161
13576962
13584014
13584097
13586320
13587285
13594350
13594590
13595509
13596593
13597510
13597611
13599469
13599660
13602368
13603263
13609267
13612448
13613194
13615400
13615816
13616440
13616623
13620030
13620854
13629037
13631951
13632601
13634409
13639058
13645095
13648373
13648712
13650421
13652350
13652959
13656300
13658093
13661822
13662401
13663926
13664510
13668818
13670100
13670403
13672080
13673050
13673163
13674140
13677834
13679229
13679365
13684876
13699310
13705258
13705361
13705653
13706154
13708180
13709285
13710534
13710863
13711542
13712915
13717977
13719547
13721146
13721967
13722375
13722674
13724880
13726512
13728894
13729046
13730602
13737108
13737908
13739899
13742786
13744813
13747337
13748342
13754655
13756545
13756838
13758653
13759019
13759175
13759316
13760159
13762212
13762397
13765256
13766270
13771569
13773810
13774263
13777301
13778318
13778498
13780360
13780685
13781217
13781574
13782311
13789891
13794099
13794754
13795139
13795500
13795985
13806899
13807627
13809072
13812590
13812866
13813180
13817434
13818159
13820533
13820679
13823445
13823991
13827916
13832427
13834867
13838346
13851953
13858021
13858683
13859127
13865060
13869390
13869594
13869757
13870332
13870889
13870937
13872071
13873890
13874851
13875984
13880099
13888010
13888360
13888941
13890365
13891090
13891338
13892976
13893101
13903513
13903797
13904725
13905164
13905496
13905940
13907185
13907335
13908117
13909296
13909777
13914050
13917957
13920684
13923432
13929913
13930017
13930565
13932575
13946852
13951290
13954233
13957505
13963701
13964862
13965087
13965378
13965802
13969447
13970129
13977172
13985046
13986327
13988375
13988728
13994598
13996150
14002544
14003141
14003386
14004276
14006008
14008387
14008886
14009381
14018052
14019232
14019323
14020181
14022053
14022421
14022627
14033165
14033491
14033705
14034067
14036949
14046330
14048264
14049864
14050002
14054762
14063293
14065739
14080132
14080303
14080611
14082512
14083211
14083768
14085214
14096354
14098159
14098678
14115721
14117445
14118849
14121135
14124736
14130598
14131573
14132280
14133119
14134594
14134621
14137553
14143598
14145566
14153525
14159431
14164086
14164337
14174503
14175675
14177203
14177351
14178982
14180651
14182065
14184115
14192602
14196758
14201424
14202390
14203059
14207810
14209453
14210395
14210417
14210464
14212963
14214509
14216884
14220940
14223171
14224185
14227429
14228817
14228939
14229809
14230688
14231279
14231289
14231343
14233045
14233087
14242591
14243145
14244978
14246809
14247206
14248618
14252019
14252425
14257504
14259179
14260420
14269784
14272657
14273749
14274349
14274382
14274940
14279510
14280215
14280955
14288160
14288589
14289583
14290157
14296039
14298436
14307524
14307855
14310157
14311226
14323197
14326144
14327255
14327967
14328535
14328782
14331345
14345741
14346082
14358983
14362597
14365544
14365998
14368316
14370697
14371099
14372019
14378848
14379670
14379894
14381111
14384223
14384488
14388652
14391831
14393458
14397710
14410401
14411098
14411392
14412992
14413629
14416677
14417600
14423327
14434747
14436173
14441170
14441845
14442052
14442510
14443693
14443971
14448275
14448502
14451745
14451853
14454697
14472190
14473117
14477701
14478163
14478595
14484719
14485610
14493595
14499478
14500491
14518858
14532031
14532843
14534044
14540984
14541997
14546812
14555783
14560096
14560203
14561662
14579450
14584402
14585269
14586050
14589258
14589266
14592310
14598259
14598702
14600873
14601465
14602542
14604362
14604492
14608565
14611827
14613113
14626343
14640140
14656596
14660527
14663116
14665712
14667435
14670634
14677708
14700053
14703112
14704470
14704682
14705624
14706922
14713811
14717583
14718806
14720949
14721743
14725156
14735584
14737599
14753339
14759174
14767385
14767517
14767551
14767627
14768063
14770792
14794662
14798132
14812880
14813052
14815235
14816222
14818356
14828365
14829720
14830125
14831767
14831820
14831861
14832072
14833182
14836096
14836172
14838993
14844876
14845563
14846565
14847863
14850173
14851019
14852281
14852413
14852928
14875605
14876396
14881828
14892246
14894555
14904468
14904581
14905128
14905374
14905997
14907118
14907620
14909699
14912640
14914897
14915679
14919968
14922276
14926507
14927079
14928023
14928771
14929010
14929445
14932267
14939352
14941473
14942063
14943455
14943643
14944355
14946881
14955527
14956404
14959998
14963469
14970910
14972166
14972201
14972951
14973133
14973647
14975424
14977347
14978790
14986150
14998530
15013985
15014376
15016211
15019569
15024691
15029546
15029587
15030616
15033079
15033910
15034257
15036594
15036870
15038518
15046711
15047461
15049962
15051992
15054418
15055016
15066779
15071399
15072404
15076324
15078151
15079414
15079473
15080566
15080761
15082946
15083176
15085451
15085681
15089328
15090539
15090631
15091346
15092836
15095725
15098558
15105519
15109223
15111499
15119482
15120016
15121752
15122538
15123792
15124570
15125518
15126437
15130927
15131768
15131991
15133392
15134245
15135872
15137163
15139707
15140083
15142331
15154829
15155607
15156153
15157037
15157047
15157535
15158348
15159485
15160363
15160441
15160508
15162595
15162647
15162689
15162721
15162837
15164889
15164928
15166373
15169855
15171604
15173721
15177602
15178185
15184547
15189601
15189657
15190152
15195590
15215061
15218909
15222239
15222771
15225220
15226790
15228048
15229415
15231210
15233285
15236801
15245614
15246014
15246780
15246995
15254438
15255652
15260801
15260988
15268282
15269816
15270447
15272520
15272626
15276101
15278241
15284896
15296974
15300127
15305022
15306303
15306784
15307190
15321000
15325169
15330990
15337585
15341316
15346338
15349783
15349884
15350009
15350516
15363337
15364939
15365169
15368905
15368925
15371072
15371173
15371483
15372092
15373636
15389681
15391287
15391556
15393804
15395192
15396217
15404502
15404649
15405522
15406714
15408113
15414635
15415208
15418132
15418965
15425470
15426937
15428304
15430032
15441337
15441809
15443311
15444834
15447310
15448481
15448497
15448780
15458260
15459834
15462146
15462872
15463504
15474421
15478017
15478263
15478595
15479379
15479514
15483763
15486715
15487716
15488993
15489346
15490298
15491127
15497690
15504107
15506057
15507188
15507213
15508122
15510770
15517127
15519675
15526705
15529093
15533768
15534921
15538637
15541946
15543080
15543433
15546346
15547620
15548864
15549306
15557958
15559930
15564476
15573406
15574303
15574312
15578544
15581162
15582670
15585926
15592494
15595553
15595772
15598321
15606520
15606524
15606888
15606926
15607232
15607412
15609163
15610058
15610921
15611841
15612004
15612845
15612970
15618543
15626415
15630134
15637726
15638670
15640166
15640620
15642390
15645028
15645613
15650425
15651138
15652281
15656918
15658427
15662970
15669178
15669229
15671134
15671365
15671382
15673375
15675252
15693975
15694957
15698486
15699026
15699136
15703788
15705796
15707570
15710351
15711297
15713866
15717623
15723876
15724183
15726208
15726634
15728884
15737763
15743980
15745413
15749779
15749901
15750409
15754197
15755044
15762241
15763436
15766129
15769487
15770906
15779251
15783031
15783996
15785215
15787520
15787951
15790623
15792886
15795843
15798013
15798612
15799472
15808508
15808785
15811770
15814170
15815306
15816761
15817253
15818723
15826210
15827086
15827726
15830649
15830879
15837099
15838363
15852276
15852840
15853678
15866612
15869101
15878426
15879835
15881622
15887048
15893214
15893336
15893763
15894233
15895635
15911059
15919673
15919702
15920529
15921131
15928438
15934036
15934368
15939465
15946024
15947140
15948478
15962308
15965776
15965854
15966344
15967847
15968645
15977088
15979651
15980278
15980482
15982596
15985209
15985382
15990057
15997433
15998601
16009500
16009686
16013417
16017138
16021973
16022467
16024288
16024375
16026096
16032537
16033790
16034969
16036397
16046402
16052088
16061416
16067693
16069959
16075074
16075737
16077687
16077754
16078788
16078978
16079831
16090217
16091473
16093536
16094877
16095804
16096706
16098529
16098739
16103729
16105276
16106337
16106641
16107323
16109413
16115745
16116331
16116355
16117580
16118688
16120952
16121118
16122536
16134555
16141681
16143748
16152628
16153183
16154700
16154915
16155469
16156351
16159576
16173752
16173806
16173877
16177968
16183162
16183665
16184218
16196397
16197030
16199349
16209465
16211711
16222687
16227398
16230735
16233639
16236651
16237334
16237438
16237577
16239121
16240571
16241256
16241547
16242125
16249852
16254746
16263995
16264592
16266177
16267950
16269760
16270757
16270986
16273686
16278048
16281874
16282075
16282503
16283670
16283989
16284442
16286515
16292649
16293376
16294467
16295255
16299481
16300435
16305477
16305764
16306361
16307100
16309255
16309962
16312420
16312496
16318580
16321865
16326530
16331008
16334509
16341223
16343329
16344076
16344112
16344274
16344477
16345312
16349610
16350242
16350590
16350749
16350777
16354229
16355283
16355952
16356833
16357824
16360229
16362533
16363001
16364977
16365666
16372330
16374564
16374602
16376509
16376552
16376607
16377913
16380505
16385121
16388958
16389541
16389579
16389592
16390535
16391787
16399168
16405327
16411989
16412945
16415464
16417636
16417803
16423998
16433754
16435821
16436425
16436871
16438599
16454370
16458222
16459314
16463143
16463871
16463917
16465959
16471459
16472620
16473719
16474077
16474725
16483120
16485580
16491175
16495491
16496010
16504256
16504872
16506105
16524261
16524410
16525302
16525783
16525836
16526206
16533921
16535738
16538018
16538272
16539004
16539524
16539893
16542340
16542906
16544000
16547334
16549879
16551761
16553332
16554433
16556790
16563454
16569229
16575432
16578654
16582933
16583430
16585159
16592030
16593201
16594301
16595004
16595025
16595237
16600462
16607053
16608580
16608804
16610844
16614904
16617303
16627280
16627883
16628679
16630932
16631974
16632126
16638708
16642628
16642757
16643918
16645979
16653313
16656020
16656866
16663818
16669940
16678391
16681574
16686303
16689761
16697776
16700287
16702399
16706798
16714081
16717283
16718820
16718860
16720521
16727142
16730351
16731818
16734030
16735553
16744299
16744377
16745759
16759080
16762309
16773143
16789002
16789585
16802256
16802328
16802476
16807430
16807888
16817480
16817978
16820207
16820906
16821964
16822792
16822827
16828358
16838869
16839160
16842429
16842524
16849219
16849621
16850337
16852946
16866475
16870725
16875478
16883006
16890826
16891214
16898049
16901528
16904298
16904574
16905683
16905973
16906036
16907674
16911631
16918732
16921710
16923451
16934701
16937129
16942832
16943197
16945578
16952376
16953898
16970564
16971179
16974822
16990447
17002228
17003238
17003499
17003825
17004114
17005488
17007955
17011393
17017217
17018427
17018936
17020409
17036328
17044103
17051887
17073768
17076097
17087378
17093783
17102138
17115589
17117279
17118376
17120340
17120434
17121405
17121670
17122106
17130686
17132406
17132904
17133233
17133489
17133527
17137066
17143076
17147186
17148315
17148358
17148410
17148899
17149515
17150183
17160791
17163973
17165929
17171657
17175178
17179655
17180482
17180914
17183099
17185041
17186194
17189572
17190036
17196598
17197886
17207186
17207621
17209751
17213604
17218584
17219173
17222435
17238395
17243525
17246001
17249679
17256024
17256209
17259365
17259492
17261850
17273639
17274456
17276230
17278419
17279415
17281555
17282238
17295486
17296753
17296837
17297343
17298046
17298661
17300254
17301700
17302467
17305385
17306395
17309985
17309989
17312625
17314737
17315288
17321096
17322881
17323590
17340045
17351650
17357489
17358432
17359510
17359771
17369914
17374179
17374221
17376843
17381221
17381865
17382284
17394362
17409682
17410363
17411630
17411878
17414272
17415816
17416113
17417635
17418625
17425986
17426756
17427307
17429606
17429944
17430522
17430816
17432320
17434022
17434663
17435918
17438832
17444227
17447686
17451800
17457534
17458663
17460874
17468517
17468828
17469154
17470551
17470623
17472458
17474305
17475080
17475423
17477446
17482959
17485980
17486047
17486259
17491067
17493890
17495025
17495740
17495896
17497500
17504549
17512116
17519198
17521992
17523195
17523424
17524957
17526482
17528402
17529150
17529489
17535131
17536158
17537044
17538404
17540122
17542781
17542840
17543266
17544016
17554334
17562216
17570959
17576263
17577567
17579290
17581272
17583579
17584500
17587240
17587465
17587598
17588481
17588602
17588647
17589129
17591514
17596651
17597421
17597674
17597747
17598505
17600347
17600535
17604979
17606902
17607151
17613592
17613790
17613791
17617800
17618524
17620061
17620171
17623080
17630233
17631402
17631478
17631856
17634853
17645183
17645581
17647546
17648512
17651353
17658159
17660247
17666772
17668084
17672310
17673164
17673362
17673769
17676531
17687782
17689556
17694187
17695017
17696358
17698984
17708247
17709352
17710686
17711446
17711626
17712782
17714730
17723714
17725033
17730202
17730892
17735251
17744261
17744569
17746348
17746863
17747432
17747996
17748487
17757555
17762855
17769356
17771339
17783254
17783799
17793211
17803948
17807553
17808178
17810740
17812280
17823351
17826830
17828359
17832115
17834983
17835519
17836435
17837270
17841897
17846198
17847120
17851549
17851765
17852188
17853435
17854082
17856922
17859378
17860498
17864997
17870468
17872085
17872509
17874025
17874094
17874315
17877471
17884818
17893074
17894865
17896965
17897825
17898044
17898692
17899454
17899847
17900522
17902718
17903512
17903936
17905910
17913012
17913233
17915378
17916495
17917220
17921012
17922380
17932092
17932613
17933411
17933911
17936688
17936866
17938025
17941842
17948669
17949426
17949600
17950721
17951305
17951470
17951547
17951783
17952212
17952305
17953518
17953934
17955258
17955503
17958210
17966380
17966526
17967402
17967448
17968439
17968742
17971050
17971320
17983188
17983676
17985214
17985920
17986382
17988315
17988821
17999913
18004221
18013579
18013717
18014073
18014953
18015005
18015134
18016153
18016497
18017454
18017881
18019924
18027751
18028051
18032840
18033281
18033497
18034377
18035441
18037843
18043422
18046311
18051278
18052211
18054422
18056748
18056773
18057156
18061039
18064066
18064196
18064336
18064959
18066047
18066127
18066581
18066945
18067410
18070425
18071437
18083670
18084257
18086547
18089209
18090631
18100385
18100913
18103223
18104332
18104602
18105856
18106878
18115633
18116213
18117772
18118944
18119977
18130365
18132057
18132699
18132748
18133601
18133645
18134507
18135937
18138947
18143096
18145207
18145792
18146594
18147361
18147578
18148333
18148368
18149417
18149618
18150331
18150354
18155584
18156282
18157794
18167628
18167864
18172301
18172648
18174105
18178435
18182272
18184542
18187676
18187972
18188856
18196454
18200592
18204680
18208799
18209211
18209757
18210005
18218378
18220938
18221125
18221881
18227004
18235479
18249783
18250810
18250924
18251356
18259437
18261659
18267738
18270854
18271220
18277007
18278764
18281196
18283064
18284761
18287704
18288580
18291210
18299036
18301421
18302907
18303023
18303331
18303681
18303892
18304481
18304932
18305406
18306365
18308111
18315016
18320154
18321415
18325326
18328044
18329363
18334482
18335085
18338205
18339384
18340327
18340456
18341665
18344930
18348422
18350948
18354595
18355155
18367719
18368249
18369140
18369322
18378199
18379978
18381711
18382585
18385373
18385589
18387561
18389579
18399128
18400694
18405619
18407757
18407942
18408924
18413094
18417961
18418209
18423732
18425139
18426475
18427399
18428204
18430464
18431311
18435030
18435992
18436505
18438092
18440464
18441783
18443443
18448430
18453122
18456169
18456962
18468458
18468783
18469973
18471327
18478556
18480989
18481134
18482656
18483866
18484128
18485832
18492779
18494325
18497032
18498086
18500221
18500441
18500924
18501139
18502368
18502646
18504385
18505329
18512449
18513352
18513353
18513603
18515453
18515929
18517232
18519040
18520412
18523665
18526310
18530740
18531047
18531707
18532074
18532160
18532779
18534242
18535656
18537937
18540503
18542276
18542848
18543119
18543250
18543450
18543479
18543495
18552309
18553072
18554530
18556965
18558443
18561441
18565162
18566499
18566599
18571241
18572796
18574640
18576024
18582202
18584039
18588047
18592313
18595570
18596802
18598397
18603766
18604071
18607151
18609786
18610419
18610777
18621982
18623262
18625404
18626119
18627235
18627838
18627941
18628217
18628691
18632700
18634560
18640850
18640957
18644582
18644634
18644784
18645632
18646265
18646430
18647093
18647123
18647912
18650028
18652981
18653587
18660456
18663932
18665649
18666226
18668687
18670894
18678277
18679358
18681316
18682323
18683509
18684438
18685823
18686305
18689601
18691419
18691747
18691947
18692513
18692619
18692724
18693833
18694533
18694708
18695420
18695685
18696280
18696445
18697057
18697622
18697829
18698780
18698936
18701309
18706168
18707491
18709683
18711924
18712457
18713452
18713639
18713777
18715662
18717960
18718488
18723992
18727727
18727778
18729378
18729856
18732317
18734060
18734167
18740002
18740232
18740872
18743064
18744763
18745056
18746996
18749765
18749818
18751705
18759858
18761142
18762365
18763413
18763423
18765507
18765550
18766256
18766838
18767816
18770308
18773112
18774051
18779803
18784923
18785330
18788257
18788361
18791729
18797660
18803292
18804995
18807254
18815175
18816992
18817417
18817519
18818753
18819275
18820680
18821665
18822396
18822553
18823781
18825283
18831391
18832404
18832800
18833724
18838814
18839205
18840617
18840777
18844110
18848040
18848275
18848446
18850256
18850632
18851160
18859896
18865596
18870266
18873883
18874196
18874425
18879905
18880572
18884719
18884950
18885121
18886525
18887431
18888203
18888568
18889146
18889423
18891027
18891062
18899905
18900086
18900954
18902721
18904372
18904417
18905117
18905229
18905438
18906759
18906956
18908188
18908591
18910381
18922045
18922502
18922614
18923336
18923803
18927124
18928298
18938519
18939525
18944114
18944129
18945477
18945687
18945867
18946854
18947626
18948066
18951800
18951974
18954527
18956180
18956221
18956979
18969290
18969969
18973434
18974353
18975885
18981582
18983408
18984747
18987003
18987059
18987491
18989764
18992379
18996379
19002950
19003453
19004222
19004450
19005119
19005392
19005411
19005727
19006746
19008442
19010147
19014552
19015537
19015630
19025882
19028408
19029817
19031630
19032229
19032955
19036827
19041276
19041543
19042732
19043929
19044562
19044702
19048013
19052307
19059667
19060792
19061392
19065584
19067117
19067216
19067719
19068065
19068590
19069933
19071204
19077563
19079243
19080900
19084061
19088236
19092598
19093145
19093189
19093406
19093729
19093943
19095974
19105404
19107786
19108040
19110447
19110896
19111120
19111274
19111650
19112330
19114116
19114176
19116969
19117102
19118607
19119244
19120161
19120667
19123386
19124837
19130013
19130640
19132585
19133470
19133690
19136806
19136979
19139480
19140142
19140226
19147594
19150768
19151512
19152456
19152483
19153436
19153570
19154421
19154606
19154824
19157234
19164467
19165802
19167346
19170903
19171097
19171151
19172239
19172406
19173941
19174687
19174802
19176235
19180983
19181575
19184697
19184798
19184979
19188096
19188835
19188908
19190848
19191628
19193632
19194291
19196473
19200792
19202396
19203280
19205246
19215523
19216815
19217117
19217493
19218564
19218806
19219423
19222026
19223090
19224902
19225473
19225627
19225688
19229467
19230776
19230958
19231780
19233650
19236269
19236442
19237472
19238096
19240877
19241879
19242257
19243377
19243655
19245535
19251048
19253643
19254079
19255212
19255263
19255425
19257110
19259128
19260040
19260515
19261591
19262203
19262380
19263737
19264417
19267788
19268981
19269826
19271291
19279630
19279730
19279824
19280011
19280065
19280232
19280980
19282069
19283453
19286162
19286422
19287983
19293033
19294443
19300475
19301399
19301586
19303103
19303952
19307307
19307316
19311851
19312022
19314794
19319821
19320151
19320272
19321233
19321707
19321920
19322125
19322332
19322670
19322907
19324196
19324500
19325152
19325596
19326108
19328185
19328595
19330632
19331099
19337063
19341708
19341951
19344021
19351368
19351484
19355721
19356483
19358943
19361594
19362711
19373213
19373778
19374054
19376045
19376243
19376300
19376805
19377935
19378046
19379151
19381638
19382945
19382997
19384315
19386853
19390600
19392263
19393136
19393651
19393766
19394094
19397183
19399125
19401590
19406034
19406429
19417050
19419077
19421421
19421999
19424607
19424902
19428808
19429585
19433952
19434903
19434928
19443673
19444547
19444807
19447938
19448410
19450695
19451284
19455666
19456663
19458210
19462889
19462997
19463468
19463676
19465410
19466964
19467403
19468158
19468942
19469430
19469619
19470186
19471800
19479707
19481204
19481371
19481978
19482422
19482492
19482593
19482658
19482795
19483917
19484617
19487337
19487346
19492506
19492619
19494599
19495473
19495978
19496069
19497143
19499331
19500863
19501310
19501440
19505199
19509764
19509788
19511279
19511547
19511925
19511953
19513997
19514062
19514211
19514302
19516502
19518859
19534503
19536546
19536982
19538064
19538405
19539054
19539834
19541123
19541438
19542369
19544073
19544125
19545120
19545187
19547707
19548171
19548586
19550178
19554382
19556191
19557872
19559297
19559672
19560032
19560871
19561142
19561452
19564157
19564246
19564746
19565700
19565890
19566199
19566482
19569241
19572972
19578990
19579915
19580334
19582440
19582548
19582830
19583333
19583892
19584290
19584796
19585034
19587139
19588305
19590950
19592456
19597315
19599650
19599776
19599844
19602812
19607979
19608390
19609357
19613973
19614625
19620527
19627977
19628053
19629435
19629754
19629857
19631561
19633796
19634040
19634155
19636090
19636146
19636252
19636298
19637483
19639464
19646169
19646587
19646588
19646767
19647318
19647568
19649520
19649826
19649880
19654420
19657032
19657273
19659553
19660242
19664553
19666367
19666679
19669503
19669546
19670124
19670127
19670357
19670445
19671054
19672178
19672337
19674301
19678679
19679048
19680474
19684395
19684996
19690730
19691601
19692176
19694051
19695578
19696470
19697466
19707108
19707714
19708429
19708887
19710965
19711931
19712661
19714995
19717174
19719617
19723074
19723426
19725301
19727798
19728599
19729219
19729456
19729907
19730174
19731027
19731190
19732482
19733583
19734852
19739438
19740704
19740812
19741162
19742816
19744444
19751241
19751420
19754520
19755084
19756544
19757515
19757928
19757990
19758280
19759546
19761259
19761303
19761335
19762225
19762252
19762561
19762816
19763838
19769017
19772467
19773985
19775141
19775663
19776150
19776217
19779613
19782520
19783691
19786628
19791865
19792272
19795646
19795698
19795939
19796081
19796399
19797736
19797868
19799210
19801474
19803138
19807056
19807132
19807652
19808938
19815149
19816095
19816237
19816917
19818693
19819168
19820333
19821527
19821565
19822097
19827044
19828179
19836550
19836986
19838840
19839283
19839489
19840047
19844119
19844618
19851367
19851387
19851574
19851822
19855401
19857633
19857675
19860614
19866000
19866531
19867063
19867528
19868823
19871473
19872546
19874124
19875063
19875609
19881785
19886426
19896604
19898165
19899727
19900194
19901210
19901853
19902458
19902815
19903973
19904076
19904121
19905079
19906931
19908347
19909794
19909881
19909939
19915582
19918879
19918971
19919086
19919762
19919983
19921016
19921246
19922647
19923419
19923504
19923619
19924252
19925057
19925834
19929699
19929915
19931573
19934118
19935013
19937007
19938479
19939853
19940401
19940733
19941431
19942174
19942957
19944275
19944617
19945702
19947553
19948084
19955371
19956095
19956428
19956695
19956885
19957300
19957425
19957594
19957637
19958075
19958770
19958867
19961150
19961711
19961947
19964988
19965282
19966056
19966107
19966439
19967039
19967131
19973338
19975035
19975166
19975257
19975489
19975568
19975753
19976452
19977097
19977609
19979364
19981362
19983006
19983276
19985121
19988960
19990592
19991108
19991223
19994098
19994746
19994829
19994887
19995229
19996479
19997781
19998701
20002692
20005885
20006466
20006653
20007131
20007897
20008905
20010058
20011635
20011660
20011999
20012669
20013345
20021318
20022170
20022214
20022568
20022778
20022813
20022980
20025349
20025608
20030743
20030989
20031430
20032852
20034082
20034221
20041373
20041421
20042318
20042342
20042565
20042577
20042667
20042973
20043257
20043258
20043544
20043604
20044187
20044221
20044432
20044575
20044882
20045936
20046144
20046224
20046228
20046561
20047251
20047285
20047859
20047870
20048217
20048788
20049177
20049961
20050163
20050786
20051181
20051739
20051914
20052433
20052666
20052961
20053162
20053183
20054488
20054803
20055040
20059051
20059304
20059831
20059940
20060027
20060287
20060579
20060903
20061098
20061113
20061154
20061508
20061577
20062152
20062178
20062183
20062683
20062891
20063170
20063925
20063950
20064027
20064574
20064663
20064693
20065846
20066142
20066196
20066340
20066423
20066502
20066620
20066841
20066908
20067216
20067287
20067779
20067978
20068075
20068189
20068555
20069133
20069177
20069319
20069609
20069715
20069778
20070246
20071766
20072191
20072657
20073366
20076895
20077752
20077879
20079258
20079379
20079580
20079611
20079687
20080026
20080088
20080163
20080266
20080401
20080540
20080647
20080977
20081006
20081270
20081402
20081454
20081770
20081849
20082221
20082465
20083061
20083728
20083840
20083874
20083877
20084045
20084073
20084809
20085079
20085638
20085646
20085688
20085816
20086028
20086121
20086332
20086375
20086449
20086569
20086626
20087139
20087387
20088007
20088171
20089270
20089504
20089513
20089832
20089890
20090269
20090276
20090287
20090501
20090540
20090855
20092075
20092212
20092511
20092536
20092560
20092619
20092707
20092804
20095192
20096720
20096897
20097421
20097595
20097691
20097791
20097917
20099337
20101138
20103085
20103441
20105208
20106210
20108300
20110595
20112444
20112686
20112736
20112852
20113360
20115215
20115250
20115385
20115848
20115876
20116210
20116471
20116483
20116598
20116618
20118151
20118314
20118384
20118804
20118920
20119011
20119252
20119260
20119268
20119618
20119683
20119738
20119958
20120419
20120439
20120516
20120729
20120893
20120971
20121017
20121039
20121075
20121171
20121897
20121978
20122045
20123260
20123296
20123878
20124171
20124263
20125837
20126266
20128235
20128356
20128499
20128523
20128720
20128734
20128773
20128806
20128977
20128994
20129034
20129168
20129316
20129607
20129630
20129645
20129747
20129835
20129863
20129895
20129998
20130011
20130292
20130347
20130519
20130653
20130826
20130965
20130992
20131158
20131177
20131294
20131386
20131394
20131402
20131764
20131798
20131834
20131860
20132057
20132264
20132312
20132334
20132378
20132392
20132493
20132506
20132513
20132542
20132582
20132929
20133457
20133559
20133729
20133921
20134308
20134375
20134503
20134541
20134722
20134732
20134898
20134899
20135100
20135133
20135807
20135914
20135942
20136036
20136168
20136180
20136201
20137021
20137064
20137174
20137342
20137506
20137516
20137520
20137612
20138083
20141612
20142268
20142492
20142774
20143125
20144084
