Tempo gasto: 10 milisegundos para ordenar 2000 elementos


2515
2525
2539
3330
3647
3831
4611
4886
4890
4989
5099
5136
5172
5178
5203
5238
5295
5317
5396
5435
5441
5803
5945
6602
6848
6990
7036
7097
7241
7322
7397
7748
7801
7816
7964
8024
8025
8110
8225
8343
8371
8477
8490
8522
9342
9357
9518
9668
9704
9783
9952
10010
10183
10267
10270
10423
10710
10774
10962
11170
11174
11213
11214
11265
11472
11610
11666
11708
11798
11848
11900
11943
12048
12192
12268
12299
12303
12318
12382
12579
12887
12937
12940
12970
13050
13076
13111
13121
13362
13380
13394
13552
13808
13974
14011
14264
14287
14290
14314
14322
14374
14377
14399
14435
14468
14694
14699
14708
14757
14845
14897
14941
15220
15239
15345
15383
15385
15729
15875
15944
15962
16076
16089
16284
16326
16338
16422
16455
16457
16458
16469
16580
16595
16626
16737
16855
16866
16928
16971
16974
17037
17052
17066
17092
17135
17226
17283
17297
17303
17316
17372
17453
17592
17693
17747
17918
17919
17994
18477
18590
18728
18764
18993
19029
19150
19169
19260
19282
19306
19319
19601
20176
20299
20300
20311
20611
20734
20793
20823
20853
20913
20959
21004
21167
21194
21218
21220
21264
21267
21282
21293
21419
21421
21456
21530
21644
21794
22384
22528
22600
22888
22979
23107
23135
23265
23269
23441
23481
23501
23502
23545
23568
23686
23742
24143
24260
24261
24266
24269
24281
24285
24436
25082
25192
25235
25406
25492
25696
25765
25819
26084
26278
26362
26562
26567
26754
26785
26827
26933
26954
26969
27006
27008
27024
27288
27385
27415
27531
27644
27659
27684
27759
27883
28083
28121
28321
28327
28342
28648
28829
28845
28907
29012
29013
29108
29187
29414
29455
29594
29628
29713
30031
30222
30589
30616
30927
30969
30970
31081
31115
31130
31425
31435
31555
31652
31659
31860
31902
31994
31998
32023
32037
32082
32289
32331
32526
32713
32883
32965
33009
33071
33114
33156
33210
33223
33341
33477
33525
33814
33993
33999
34059
34453
34824
35065
35555
35697
35950
35952
35963
36069
36116
36121
36133
36221
36267
36327
36386
36490
36586
36647
36689
36724
36868
36934
37010
37910
38303
38546
38638
38663
38780
38833
38871
39267
39282
39473
39572
39586
39648
39651
39666
39704
39716
39948
40039
40143
40166
40174
40248
40453
40519
40624
40899
40911
40951
41077
41106
41218
41348
41386
41513
41584
41745
41959
42300
42348
42507
42580
42698
42729
42744
42757
42882
42938
43027
43094
43219
43656
44096
44130
44161
44198
44212
44221
44229
44288
44472
44506
44619
44698
45175
45212
45556
45630
45652
45661
45689
45936
45940
45967
45993
46339
46544
46666
46723
46911
47155
47165
47170
47199
47362
47370
48498
48584
48592
49715
49848
49875
50097
50174
50297
50447
50677
51438
51479
51485
51510
51572
51662
51850
51852
52123
52757
53016
53036
53137
53196
53337
53353
53567
53630
53701
53734
53750
53758
53843
53923
54040
54158
54377
54380
54486
54508
54544
54562
54614
54626
54694
54821
54860
55071
55236
55239
55320
55348
55467
55505
55545
55565
55668
55737
55857
55959
56093
56109
56467
56475
56662
56859
56894
57161
57166
57207
57297
57468
57493
57516
57618
57754
57765
57766
57848
57874
57901
58059
58062
58099
58101
58208
58228
58294
58467
58471
58728
58729
59182
59431
59818
59959
59970
59978
60056
60084
60164
60165
60182
60245
60343
60666
60680
60704
60864
60868
60948
61016
61063
61125
61167
61224
61259
61361
61453
61459
61470
61482
61492
61624
61747
61869
62076
62095
62230
62366
62427
62430
62452
62461
62468
62680
62787
62891
62903
62925
63003
63183
63202
63299
63320
63360
63373
63480
63524
63546
63588
63610
63657
63693
63815
63873
63881
63891
64015
64107
64117
64361
64365
64472
64551
64627
64790
64837
64842
64990
65015
65019
65029
65213
65255
65268
65412
65562
65615
65660
65813
65834
65903
65916
66008
66026
66161
66251
66265
66275
66340
66422
66718
66741
66974
67130
67145
67208
67215
67299
67397
67890
67925
67948
68099
68403
68414
68557
68705
68735
68765
68900
68905
68974
69083
69266
69370
69588
69755
69921
70085
70095
70216
70279
70586
70609
70858
71010
71272
71495
71502
71507
71534
71603
71620
71719
71774
71953
72190
72265
72427
72643
72739
72895
72965
73128
73433
73442
73487
73533
73551
73643
74053
74073
74240
74561
74568
74680
74689
74802
74821
74860
74978
75076
75167
75635
75658
75708
75709
75770
75922
75928
76484
76761
77114
77186
77482
77765
77799
77944
78195
78331
78366
78562
78919
79067
79736
79749
79782
80260
80301
80327
80493
80684
80698
80700
80842
80924
81033
81106
81453
81615
81739
81870
81893
82525
82638
82928
82935
83081
83243
83760
83783
83811
84010
84059
84229
84417
84480
84659
84697
84820
84905
84988
85094
85145
85165
85252
85725
85761
86053
86215
86525
87279
87481
87732
87853
87987
89040
89058
89121
89269
89360
89427
89621
89756
89778
90394
90426
90659
91139
91923
92245
92894
93287
93313
93408
93540
94035
94134
94270
94464
94477
94711
94783
95883
95915
95981
96190
96208
96471
96804
97286
97459
97707
97773
97992
98322
98663
98691
98724
99070
99861
99913
100002
100023
100062
100184
100186
100549
100779
101021
101053
101137
101139
101633
101682
101683
102145
102527
102859
103036
103161
103284
103311
104027
104459
104705
105210
105409
105416
105790
106220
106268
106363
106457
106647
106738
106906
107038
107630
107690
108025
108201
108268
109161
109385
110322
110520
110576
110777
110784
110921
111155
111270
112359
112435
113011
113092
113114
113265
113945
114123
114229
114543
114969
115535
115655
115678
115708
115748
116551
116940
117425
117964
118061
118120
118149
118430
118557
118731
118812
119569
119615
120489
120494
120945
120973
121094
121473
121687
121731
121746
121861
121893
122179
122322
122559
123451
123784
124104
124251
125053
125163
125594
125618
125704
126443
126788
128241
128423
128472
128796
128807
128975
130213
130271
130282
130420
130606
131154
131380
131487
131566
131664
131693
131699
131711
131719
131747
131757
131865
132017
132191
132471
132516
132533
132570
132695
132829
132875
132994
133025
133562
134087
134224
134545
134671
135250
135320
135393
135465
135706
136074
136493
136528
136656
136687
136872
136923
137112
137121
137446
137558
137671
137857
138038
138216
138299
138548
139074
139129
139889
140133
140195
140211
140237
140355
140377
140425
140519
140640
140973
141154
141335
141727
141890
141984
142057
142121
142272
142507
142624
142789
142838
143855
143979
144087
144368
144428
144559
144902
145060
145473
145994
146189
146390
146638
146726
146754
146846
146926
147004
147057
147375
147474
147586
148113
148182
148201
148242
148259
148360
148675
148825
148885
148970
149251
149287
149534
149630
149674
149684
149695
149696
149766
149777
149782
149842
149959
150285
150751
150800
150937
151020
151199
151390
151553
151783
151798
151898
151935
152071
152255
152259
152263
152783
152819
152883
153190
153292
153405
153674
153780
153877
154292
154934
154984
155072
155158
155487
155540
155649
155679
155881
156071
156309
156649
156695
156725
156775
156789
157240
157431
157524
157826
158027
158047
158061
158176
158238
158528
158818
158955
159019
159380
159749
159815
159913
160220
160554
160609
160644
160714
160994
161394
161459
161668
161703
161979
161994
161996
162163
162493
162508
162565
162677
163098
163181
163328
163384
163532
163627
163656
163809
163814
164203
164255
164306
164682
164762
164869
165205
165409
165425
165461
165480
165596
165712
165919
166006
166270
166370
166541
166679
166819
166938
166983
167013
167222
167489
167998
168084
168123
168217
168341
168546
168623
168652
168695
168757
168778
168978
169002
169050
169063
169152
169283
169306
169464
169480
169532
169556
169975
170327
170420
170599
170670
170847
171159
171562
171658
171765
171776
171811
171964
172003
172026
172178
172445
172499
172686
172700
172870
173072
173107
173151
173294
173732
173733
173734
173742
173891
174048
174527
174563
174650
174966
175069
175338
175422
175817
176000
176129
176135
176551
176653
176770
177112
177451
177540
177606
177719
177838
177892
178188
178899
179149
179175
179428
179604
179670
179739
179817
179872
179925
179935
180331
180348
180591
180627
180653
180822
180948
180950
181249
181759
181940
181972
181985
182048
182062
182069
182095
182177
182225
182364
182378
182649
182744
182830
182877
183059
183561
183599
183876
183913
183976
183990
184031
184182
184452
185266
185406
185478
185575
185842
186220
186744
186979
187084
187566
187570
187611
187671
187935
188087
188478
188661
188674
188706
188803
189135
189181
189378
189436
189486
189608
189732
189787
189828
190105
190267
190558
190735
190968
190974
191075
191205
191531
191817
191852
191875
192162
192396
192540
192589
193391
193393
193547
193620
193627
193632
193810
193853
194154
194536
194551
194598
194621
194778
195027
195089
195123
195233
195240
195511
195564
195578
195652
195927
195966
195971
195989
196010
196100
196624
197155
197389
197477
197609
197753
197763
197942
197948
198050
198134
198151
198471
198478
198629
198697
198786
198958
198998
199195
199312
199492
199609
199693
200059
200333
200845
200859
200947
201257
201415
201629
201992
202530
202716
202782
202799
203017
203027
203116
203663
203901
203907
203910
204598
204951
204959
205043
205140
205485
205735
205867
206071
206216
206916
206957
207249
207250
207533
207816
207945
208080
208095
208148
208275
208341
208499
209025
209287
209310
209796
210265
210531
211078
211424
211974
212096
212109
212356
212371
212544
212853
213360
213667
213908
214046
214217
214325
214474
214578
214596
214917
215172
215431
215540
215560
215616
215638
215746
215756
215763
216015
216080
216170
216613
216759
217660
217890
218224
218383
218793
218836
219066
219081
219447
219457
219558
219564
219871
219922
220063
220219
220351
220413
220739
220946
221043
221105
221618
221745
221754
221844
222054
222304
222369
222399
222691
222707
222913
223576
223597
223926
223968
224510
224680
224807
225187
225306
225523
225747
225887
225926
225976
226021
226302
226311
226323
226325
226328
226700
226954
227024
227437
227589
227715
228277
228317
228517
228888
229130
229202
229212
229216
229253
229351
229367
229501
229783
229845
229851
229874
229965
230036
230124
230321
230380
230588
230616
230854
230877
230940
230956
231145
231154
231194
231414
231419
231442
231617
231619
231974
231978
232293
232437
232612
232618
232624
232866
232956
233023
233110
233288
233389
233401
233638
233662
234034
234184
234247
234330
234926
235515
235551
235552
235575
235651
235824
235951
236267
236449
236530
236602
236671
236722
236735
236788
236801
236949
237127
237162
237728
237734
237878
237901
237949
237950
238085
238119
238208
238883
239103
239410
239506
239740
239824
239883
239899
240105
240314
240329
240416
240434
240617
240653
240800
240918
240930
240938
241021
241159
241182
241538
241588
241636
241770
242479
242486
242532
242569
242643
243040
243229
243299
243303
243352
243383
243442
243708
243716
243738
243814
243961
244235
244547
244603
244681
244697
244858
245027
245274
245504
245544
245574
245575
245607
245715
245896
245905
246047
246134
246351
246647
246667
246715
246916
246938
247000
247283
247562
247728
247764
247778
247870
248029
248313
248575
248713
248725
248865
248869
248871
248966
248983
249414
249520
249644
249704
249867
250234
250259
250323
250378
250536
250801
250973
251262
251277
251314
251483
251574
251644
251728
252049
252076
252095
252525
252607
252865
253332
253358
253466
253471
253475
253537
253590
253623
253796
253800
253803
253806
253811
253815
253828
253839
253842
253846
253877
253956
253979
254042
254063
254131
254168
254467
254473
254640
254707
255024
255338
255476
255562
255601
255650
255672
255788
255957
255958
255996
256078
256153
256272
256328
256369
256506
256546
256643
256758
256819
256899
256909
256927
256930
257022
257214
257568
257787
258039
258284
258321
258397
258412
258686
258690
258740
258774
258814
258838
258865
258888
259438
259807
259887
259946
260348
260451
260618
260672
260686
260717
260765
260980
261044
261259
261344
261441
261674
261711
261744
261781
261875
262380
262405
262455
262485
262557
262583
262610
262778
262925
263005
263020
263047
263237
263251
263326
263389
263776
263784
263888
264167
264323
265036
265064
265115
265145
265194
265282
265506
265648
266292
266310
266351
266374
266437
266449
266484
266648
266693
266725
266753
266787
266812
266838
266964
267160
267294
267435
267652
267708
267755
267802
267816
268072
268154
268392
268439
268481
268868
269208
269814
269889
270067
270177
270231
270345
270568
270792
271043
271083
271130
271265
271279
271486
271645
271750
271824
271825
271831
271868
271873
271954
272026
272044
272063
272269
272282
272303
272351
272706
272927
273190
273228
273256
273423
273780
273992
274062
274085
274137
274172
274271
274329
274376
274576
274590
274731
274743
274877
275219
275271
275346
275410
275443
275459
275490
275523
275536
275549
275637
275645
275877
275936
275976
276058
276120
276317
276370
276482
276491
276783
276994
277077
277207
277370
277389
277544
277555
277840
277915
277939
278090
278113
278145
278151
278197
278472
278815
278842
278876
278879
278938
279093
279246
279456
279816
279857
279969
280046
280472
280935
281220
281221
281308
281323
281357
281405
281420
281521
281703
281851
281965
282008
282860
282863
282977
283072
283090
283184
283194
283377
283550
283583
283632
283685
284208
284255
284315
284476
284855
285137
285158
285262
285442
285469
285492
285716
285786
285853
286005
