Tempo gasto: 251 milisegundos para ordenar 8000 elementos


19396953
19396971
19397006
19397009
19397091
19397183
19397309
19397470
19397489
19397587
19397700
19397752
19397789
19397972
19397978
19398047
19398048
19398173
19398234
19398425
19398667
19398725
19398745
19398821
19398843
19398935
19399043
19399113
19399125
19399133
19399360
19399495
19399557
19399656
19399687
19399742
19399803
19399834
19399850
19399859
19399901
19399975
19400011
19400043
19400103
19400123
19400167
19400183
19400370
19400397
19400540
19401100
19401218
19401219
19401328
19401590
19401608
19401775
19401833
19402338
19402479
19402510
19402511
19402517
19402579
19402648
19402817
19402833
19402886
19402924
19402929
19402945
19402997
19403035
19403094
19403098
19403177
19403310
19403331
19403332
19403400
19403402
19403480
19403543
19403648
19403704
19403839
19404092
19404210
19404423
19404613
19404616
19404654
19404670
19404727
19404764
19404794
19404806
19404818
19404899
19404943
19405042
19405214
19405226
19405317
19405371
19405403
19405458
19405479
19405526
19405597
19405734
19405820
19405968
19405973
19405999
19406034
19406062
19406095
19406132
19406198
19406251
19406429
19406539
19406540
19406553
19406692
19406714
19406880
19407061
19407068
19407214
19407334
19407360
19407599
19407771
19407781
19407878
19407900
19407925
19407927
19407929
19407953
19407957
19408089
19408382
19408438
19408531
19408535
19408620
19408630
19408632
19408749
19408750
19408818
19408829
19408844
19408849
19409154
19409238
19409421
19409498
19409573
19409664
19409677
19409691
19409705
19409733
19409817
19409873
19410020
19410025
19410115
19410139
19410166
19410180
19410229
19410331
19410689
19410697
19410758
19410777
19410785
19410815
19411100
19411361
19411805
19411877
19411885
19411938
19411977
19412021
19412140
19412397
19412423
19412469
19412543
19412631
19412887
19412924
19412985
19413202
19413222
19413230
19413231
19413232
19413239
19413244
19413540
19413551
19413670
19413675
19413691
19413700
19413783
19414142
19414211
19414254
19414281
19414323
19414470
19414492
19414675
19414713
19414732
19414937
19414945
19415072
19415114
19415207
19415314
19415595
19415617
19415687
19415751
19415758
19415825
19415887
19415958
19415979
19416305
19416433
19416528
19416575
19416610
19416660
19417050
19417207
19417254
19417346
19417425
19417862
19418009
19418141
19418416
19418440
19418666
19418734
19418740
19418963
19419031
19419077
19419255
19419264
19419342
19419485
19419529
19419881
19419924
19419932
19420064
19420317
19420585
19420822
19420833
19421113
19421140
19421143
19421153
19421172
19421395
19421406
19421421
19421486
19421822
19421961
19421999
19422284
19422329
19422800
19422870
19422913
19422975
19423022
19423146
19423186
19423277
19423382
19423461
19423717
19423757
19423818
19423847
19423870
19424036
19424215
19424477
19424607
19424676
19424753
19424900
19424902
19424962
19424966
19425245
19425300
19425474
19425488
19425599
19425677
19425839
19425861
19425891
19425899
19425923
19425941
19426009
19426325
19426429
19426476
19426813
19426856
19426877
19427178
19427266
19427575
19427667
19427714
19427868
19427899
19427971
19428065
19428111
19428205
19428327
19428367
19428426
19428559
19428575
19428576
19428808
19428814
19429004
19429022
19429043
19429202
19429274
19429277
19429287
19429301
19429422
19429467
19429484
19429540
19429585
19429664
19429739
19429764
19430074
19430239
19430305
19430340
19430365
19430413
19430448
19430591
19430619
19430700
19430931
19430970
19431100
19431197
19431212
19431254
19431325
19431346
19431391
19431419
19431455
19431827
19431893
19431999
19432009
19432091
19432119
19432177
19432208
19432306
19432503
19432594
19432801
19433011
19433187
19433400
19433428
19433440
19433580
19433585
19433663
19433804
19433834
19433932
19433952
19434179
19434573
19434647
19434648
19434678
19434766
19434825
19434903
19434928
19435087
19435179
19436027
19436091
19436286
19436342
19436446
19436450
19436473
19436498
19436571
19436602
19436634
19436656
19436828
19436873
19437177
19437219
19437355
19437401
19437433
19437662
19437841
19437869
19437901
19438207
19438593
19438654
19438695
19438842
19438927
19438978
19439016
19439056
19439068
19439117
19439228
19439491
19439509
19439524
19439624
19439685
19439790
19439838
19439896
19439944
19440004
19440103
19440268
19440749
19440924
19440972
19441240
19441332
19441454
19441539
19442060
19442371
19442560
19442802
19443329
19443357
19443384
19443535
19443540
19443556
19443673
19443680
19443700
19443761
19443921
19444031
19444226
19444547
19444608
19444670
19444725
19444807
19444880
19444922
19444938
19445014
19445087
19445229
19445371
19445441
19445646
19445716
19445748
19445804
19445846
19445877
19445951
19446065
19446102
19446168
19446243
19446302
19446406
19446424
19446460
19446482
19446528
19446610
19446869
19446880
19447044
19447067
19447093
19447108
19447124
19447233
19447267
19447346
19447697
19447868
19447938
19448136
19448203
19448289
19448302
19448363
19448410
19448459
19448470
19448479
19448497
19448525
19448586
19448644
19448665
19448745
19448916
19449006
19449179
19449219
19449238
19449268
19449408
19449463
19449471
19449699
19449741
19449751
19449783
19449822
19450170
19450470
19450487
19450608
19450626
19450684
19450695
19450713
19450906
19451117
19451131
19451242
19451284
19451289
19451404
19451407
19451512
19451608
19451806
19451893
19451978
19451981
19452058
19452119
19452219
19452508
19452568
19452650
19452707
19452755
19452828
19452973
19453220
19453408
19453429
19453507
19453642
19453666
19453678
19453845
19454018
19454213
19454248
19454344
19454370
19454394
19454441
19454464
19454506
19454840
19454855
19454986
19455041
19455043
19455046
19455098
19455149
19455240
19455284
19455395
19455585
19455652
19455656
19455666
19455683
19455757
19455886
19456001
19456110
19456148
19456186
19456350
19456364
19456603
19456663
19456759
19456779
19456810
19456852
19456925
19457002
19457049
19457062
19457099
19457316
19457319
19457329
19457407
19457446
19457455
19457527
19457610
19457874
19458210
19458228
19458240
19458415
19458452
19458498
19458559
19458614
19458636
19458658
19458851
19458935
19458945
19458965
19459014
19459142
19459315
19459441
19459714
19459925
19459993
19460154
19460193
19460197
19460211
19460451
19460590
19460613
19461063
19461470
19461633
19462103
19462292
19462297
19462358
19462388
19462440
19462475
19462597
19462834
19462877
19462889
19462899
19462997
19463038
19463156
19463456
19463468
19463537
19463595
19463676
19463686
19463747
19463833
19464249
19464361
19464462
19464560
19464695
19464736
19464837
19464861
19464933
19465252
19465404
19465410
19465514
19465580
19465738
19465822
19466060
19466063
19466095
19466184
19466269
19466277
19466753
19466836
19466900
19466928
19466964
19467086
19467142
19467278
19467328
19467351
19467403
19467513
19467533
19467594
19467641
19467825
19467877
19467937
19467938
19467974
19467980
19468051
19468092
19468125
19468158
19468444
19468475
19468528
19468543
19468743
19468746
19468767
19468804
19468843
19468942
19469116
19469302
19469374
19469430
19469485
19469496
19469522
19469566
19469619
19469733
19469848
19470172
19470186
19470261
19470277
19470279
19470447
19470505
19470560
19470581
19470644
19470661
19470673
19470682
19470699
19470863
19470886
19471128
19471202
19471352
19471354
19471394
19471417
19471422
19471461
19471490
19471542
19471605
19471712
19471773
19471800
19471948
19472031
19472085
19472253
19472278
19472282
19472345
19472458
19472493
19472532
19472560
19472799
19472806
19472918
19473047
19473132
19473178
19473255
19473410
19473570
19473764
19474011
19474100
19474263
19474392
19474417
19474571
19474596
19474629
19474652
19474658
19474839
19474868
19475005
19475058
19475065
19475074
19475108
19475130
19475198
19475210
19475303
19475476
19475500
19475567
19475569
19475629
19475723
19475772
19475815
19475832
19476234
19476471
19476630
19476873
19476986
19477007
19477344
19477677
19478246
19478537
19478599
19478758
19478923
19479147
19479153
19479315
19479356
19479466
19479476
19479707
19479725
19479756
19480093
19480105
19480255
19480450
19480586
19480709
19480734
19480939
19481016
19481115
19481138
19481165
19481170
19481204
19481217
19481272
19481349
19481371
19481467
19481649
19481815
19481978
19482050
19482125
19482294
19482416
19482422
19482435
19482443
19482480
19482492
19482584
19482593
19482658
19482659
19482695
19482704
19482743
19482746
19482775
19482795
19483005
19483120
19483271
19483294
19483307
19483359
19483544
19483607
19483670
19483715
19483774
19483779
19483789
19483809
19483917
19483920
19483962
19483994
19484105
19484263
19484275
19484532
19484560
19484615
19484617
19484682
19484696
19484756
19484825
19484965
19485035
19485068
19485090
19485139
19485269
19485309
19485359
19485371
19485581
19485583
19485755
19485809
19485928
19485952
19486022
19486026
19486081
19486229
19486293
19486734
19486824
19486853
19486857
19486860
19486880
19486932
19487037
19487039
19487168
19487278
19487337
19487346
19487418
19487422
19487518
19487697
19487720
19487730
19487750
19487805
19487824
19487831
19488017
19488029
19488142
19488174
19488196
19488246
19488331
19488382
19488405
19488686
19488689
19488690
19488702
19488718
19488729
19488849
19488870
19488899
19489001
19489138
19489293
19489392
19489429
19489478
19489518
19489633
19489692
19489877
19490032
19490059
19490255
19490302
19490477
19490499
19490750
19491107
19491153
19491237
19491433
19491534
19492002
19492123
19492207
19492265
19492401
19492506
19492619
19493208
19493327
19493544
19493553
19493647
19493693
19493806
19493863
19493897
19494098
19494111
19494374
19494425
19494452
19494560
19494568
19494599
19494610
19494738
19494922
19495046
19495120
19495216
19495277
19495294
19495349
19495376
19495449
19495473
19495487
19495514
19495531
19495534
19495570
19495598
19495632
19495637
19495656
19495711
19495814
19495818
19495875
19495880
19495978
19495991
19496018
19496047
19496069
19496130
19496156
19496235
19496260
19496266
19496337
19496357
19496444
19496575
19496787
19496847
19496898
19496972
19497052
19497092
19497137
19497143
19497165
19497194
19497254
19497425
19497458
19497522
19497528
19497544
19497678
19497710
19497952
19497996
19498162
19498441
19498488
19498596
19498605
19498634
19498734
19498782
19498842
19498956
19499027
19499151
19499331
19499338
19499668
19499716
19499717
19499754
19499773
19499837
19499861
19499957
19499998
19500014
19500156
19500180
19500222
19500317
19500346
19500404
19500503
19500521
19500636
19500646
19500672
19500863
19500920
19501019
19501082
19501131
19501157
19501193
19501200
19501218
19501225
19501242
19501289
19501299
19501310
19501372
19501440
19501483
19501543
19501556
19501560
19501562
19501598
19501640
19501682
19501719
19501764
19501777
19501962
19501973
19502013
19502016
19502017
19502052
19502079
19502131
19502136
19502162
19502185
19502320
19502495
19502506
19502524
19502528
19502761
19502787
19502795
19502802
19502884
19502949
19502969
19503134
19503147
19503174
19503187
19503229
19503269
19503273
19503293
19503397
19503445
19503508
19503519
19503525
19503618
19503646
19503674
19503877
19503909
19503950
19504005
19504042
19504083
19504133
19504169
19504173
19504295
19504330
19504331
19504366
19504389
19504424
19504449
19504460
19504462
19504472
19504477
19504515
19504570
19504586
19504652
19504704
19504758
19504802
19504884
19504924
19504935
19504963
19505030
19505195
19505199
19505214
19505322
19505335
19505345
19505468
19505545
19505573
19505586
19505616
19505620
19505747
19505798
19505816
19505865
19505911
19505956
19506170
19506194
19506327
19506492
19506521
19506523
19506775
19506829
19506943
19507066
19507377
19507408
19507696
19508209
19508335
19508684
19508834
19509006
19509586
19509745
19509764
19509788
19511245
19511279
19511547
19511706
19511720
19511756
19511768
19511790
19511893
19511921
19511925
19511931
19511950
19511953
19512048
19512127
19512289
19512361
19512434
19512441
19512456
19512553
19512761
19512842
19512954
19513038
19513090
19513153
19513546
19513565
19513615
19513869
19513947
19513952
19513997
19514062
19514150
19514205
19514211
19514257
19514302
19514305
19514347
19514408
19514434
19514466
19514576
19514648
19514666
19514704
19514832
19515002
19515249
19515346
19515379
19515575
19515679
19515708
19515724
19515795
19515891
19515894
19515941
19515986
19516158
19516159
19516250
19516284
19516396
19516485
19516502
19516644
19516647
19516684
19516753
19516858
19516901
19517000
19517076
19517136
19517180
19517307
19517319
19517484
19517508
19517513
19517514
19517700
19517757
19517806
19517829
19517881
19517942
19518048
19518088
19518137
19518196
19518417
19518434
19518447
19518450
19518453
19518454
19518455
19518536
19518564
19518660
19518739
19518772
19518859
19518899
19519180
19519312
19519516
19519542
19519893
19520038
19520206
19520288
19520354
19520386
19520573
19520682
19520731
19520785
19520906
19520909
19520974
19520991
19521000
19521060
19521079
19521277
19521346
19521520
19521591
19521605
19521609
19521714
19521779
19522084
19522085
19522200
19522217
19522236
19522253
19522321
19522342
19522479
19522520
19522525
19522861
19522918
19522941
19523109
19523110
19523121
19523128
19523180
19523232
19523259
19523411
19523586
19523764
19523838
19523894
19523982
19524029
19524083
19524092
19524173
19524189
19524232
19524259
19524305
19524324
19524364
19524390
19524415
19524427
19524709
19524801
19525283
19525377
19525452
19525455
19525545
19525675
19525927
19526008
19526022
19526089
19526118
19526147
19526314
19526399
19526414
19526496
19526601
19526606
19526613
19526690
19526710
19526750
19526784
19526855
19527001
19527046
19527221
19527235
19527299
19527427
19527510
19527588
19527589
19527675
19527689
19527823
19527850
19527885
19527972
19527983
19528055
19528075
19528091
19528103
19528200
19528290
19528315
19528326
19528363
19528396
19528431
19528518
19528532
19528557
19528653
19528660
19528668
19528798
19528958
19528965
19529052
19529350
19529367
19529421
19529438
19529534
19529607
19529760
19529857
19530066
19530067
19530146
19530225
19530263
19530271
19530274
19530336
19530564
19530588
19530652
19530809
19530886
19530991
19531066
19531095
19531158
19531194
19531229
19531272
19531313
19531390
19531541
19531577
19531580
19531760
19531784
19531805
19531901
19531922
19532023
19532027
19532157
19532164
19532191
19532225
19532282
19532355
19532390
19532448
19532525
19532551
19532553
19532572
19532737
19532789
19532805
19532907
19533025
19533034
19533221
19533245
19533456
19533506
19533595
19533701
19533749
19533966
19534317
19534503
19534816
19535348
19535553
19535600
19535855
19535873
19536546
19536573
19536982
19537334
19537344
19537447
19537474
19537609
19537700
19537710
19537714
19537908
19537951
19537979
19537997
19538050
19538054
19538064
19538093
19538099
19538260
19538307
19538405
19538437
19538611
19538632
19538683
19538777
19538829
19538934
19538978
19538980
19539054
19539284
19539309
19539311
19539407
19539410
19539475
19539513
19539587
19539725
19539764
19539792
19539834
19540025
19540055
19540063
19540217
19540250
19540271
19540344
19540569
19540601
19540814
19540886
19541040
19541123
19541174
19541191
19541293
19541322
19541350
19541423
19541438
19541498
19541510
19541541
19541947
19541952
19541967
19541982
19542171
19542290
19542355
19542369
19542512
19543287
19543336
19543392
19543431
19543550
19543682
19543727
19543756
19543813
19543822
19543860
19543863
19543908
19544073
19544121
19544125
19544192
19544260
19544274
19544381
19544404
19544478
19544538
19544576
19544586
19544706
19544772
19544800
19544878
19545045
19545120
19545187
19545292
19545551
19545630
19545851
19545890
19545917
19545988
19546150
19546298
19546457
19546475
19546538
19546713
19546724
19546735
19546828
19546890
19546899
19546967
19546989
19547068
19547086
19547195
19547213
19547222
19547231
19547265
19547313
19547315
19547357
19547384
19547389
19547469
19547479
19547572
19547596
19547707
19547724
19547731
19547756
19547948
19547974
19548026
19548043
19548171
19548256
19548283
19548449
19548468
19548500
19548503
19548586
19548825
19548827
19548861
19548891
19548942
19548975
19548992
19549058
19549098
19549338
19549375
19549450
19549500
19549605
19549620
19549649
19549723
19549728
19549742
19549756
19549770
19549780
19549813
19549869
19549883
19549930
19549990
19550118
19550170
19550178
19550239
19550246
19550320
19550358
19550419
19550430
19550435
19550594
19550611
19550615
19550750
19550759
19550791
19550794
19550838
19550841
19550951
19550981
19551045
19551049
19551079
19551132
19551198
19551270
19551327
19551401
19551476
19551568
19551580
19551739
19551892
19551993
19552162
19552167
19552171
19552215
19552287
19552310
19552349
19552379
19552383
19552405
19552638
19552822
19552944
19553123
19553142
19553193
19553234
19553306
19553436
19553515
19553549
19553569
19553647
19553711
19553732
19554046
19554145
19554150
19554164
19554177
19554329
19554347
19554382
19554482
19554491
19554497
19554502
19554524
19554564
19554577
19554598
19554701
19554829
19555220
19555225
19555750
19555769
19555786
19556100
19556174
19556191
19556251
19556427
19556702
19557398
19557872
19557905
19558038
19558042
19558169
19558255
19558263
19558294
19558647
19558652
19558665
19558681
19558685
19558810
19558820
19558851
19558869
19558923
19558924
19558926
19559137
19559152
19559297
19559319
19559672
19559778
19559817
19560001
19560032
19560101
19560178
19560226
19560232
19560334
19560761
19560763
19560789
19560871
19561010
19561014
19561017
19561103
19561142
19561216
19561298
19561306
19561386
19561452
19561507
19561514
19561548
19561593
19562019
19562128
19562178
19562183
19562197
19562415
19562426
19562445
19562530
19562602
19562699
19562746
19562827
19562845
19562964
19562977
19562981
19562997
19563002
19563016
19563053
19563076
19563226
19563230
19563397
19563414
19563453
19563484
19563543
19563585
19563586
19563612
19563669
19563811
19563828
19563855
19563920
19563997
19564006
19564101
19564126
19564157
19564174
19564233
19564246
19564249
19564372
19564384
19564437
19564603
19564681
19564704
19564746
19564790
19564801
19564827
19564855
19564962
19565014
19565021
19565076
19565362
19565368
19565447
19565556
19565622
19565685
19565700
19565730
19565740
19565890
19565917
19566071
19566185
19566199
19566203
19566208
19566222
19566229
19566311
19566405
19566425
19566482
19566557
19566570
19566678
19566686
19566714
19566907
19567036
19567084
19567154
19567199
19567241
19567259
19567322
19567443
19567510
19567516
19567542
19567629
19567652
19567844
19567868
19567912
19567960
19567982
19568075
19568286
19568292
19568321
19568346
19568370
19568441
19568449
19568453
19568477
19568596
19568614
19568626
19568651
19568695
19568805
19568889
19568922
19568929
19568940
19568942
19568986
19569016
19569054
19569072
19569241
19569344
19569398
19569411
19569458
19569481
19569514
19569515
19569728
19569730
19569826
19569848
19569930
19569936
19569957
19570082
19570144
19570297
19570423
19570473
19570601
19570602
19570603
19570605
19570672
19570996
19571027
19571034
19571227
19571311
19571350
19571428
19571441
19571565
19571604
19571612
19571613
19571657
19571719
19571928
19571955
19571998
19572118
19572249
19572398
19572409
19572443
19572489
19572496
19572503
19572516
19572579
19572600
19572673
19572730
19572857
19572959
19572970
19572972
19573090
19573120
19573136
19573138
19573218
19573272
19573431
19573572
19573760
19573782
19573870
19573999
19574109
19574182
19574233
19574390
19574429
19574496
19574542
19574765
19574769
19574919
19574954
19574956
19575223
19575372
19575677
19575897
19575925
19575994
19576895
19577256
19577284
19577506
19577579
19577588
19577620
19577868
19577911
19578091
19578148
19578168
19578356
19578359
19578373
19578531
19578598
19578622
19578635
19578658
19578660
19578723
19578760
19578813
19578830
19578990
19579030
19579248
19579258
19579273
19579309
19579660
19579685
19579695
19579794
19579821
19579859
19579873
19579878
19579915
19580000
19580045
19580090
19580108
19580117
19580196
19580270
19580334
19580377
19580432
19580577
19580738
19580749
19580829
19580924
19581089
19581168
19581245
19581266
19581636
19581700
19581825
19581882
19581949
19581980
19581990
19582235
19582305
19582364
19582440
19582441
19582468
19582502
19582531
19582548
19582585
19582605
19582744
19582754
19582788
19582830
19582895
19583096
19583166
19583211
19583258
19583290
19583297
19583333
19583344
19583464
19583497
19583510
19583648
19583726
19583847
19583892
19583971
19584004
19584028
19584031
19584064
19584091
19584092
19584138
19584290
19584532
19584571
19584716
19584739
19584796
19584986
19585034
19585140
19585146
19585155
19585239
19585259
19585470
19585625
19585646
19585925
19585955
19586018
19586076
19586117
19586399
19586463
19586486
19586510
19586545
19586594
19586663
19586717
19586961
19587139
19587236
19587495
19587586
19587624
19587631
19587658
19587940
19588055
19588212
19588305
19588349
19588356
19588398
19588523
19588629
19588707
19588726
19588761
19588828
19588835
19588857
19588866
19588937
19589030
19589069
19589117
19589136
19589173
19589214
19589269
19589327
19589370
19589612
19589726
19589738
19589873
19589880
19589905
19589948
19589989
19589997
19590041
19590061
19590073
19590274
19590305
19590330
19590455
19590572
19590635
19590650
19590714
19590950
19590952
19591008
19591203
19591253
19591262
19591481
19591601
19591709
19591721
19591879
19591992
19592153
19592267
19592329
19592339
19592365
19592393
19592436
19592456
19592478
19592567
19592623
19592651
19592660
19592719
19592889
19593009
19593141
19593212
19593242
19593297
19593559
19593631
19593657
19593659
19593712
19593760
19593786
19593849
19594093
19594225
19594475
19594567
19594617
19594735
19594898
19595222
19595350
19595956
19596021
19596144
19596151
19596367
19596538
19596584
19596860
19597016
19597235
19597279
19597294
19597315
19597319
19597410
19597411
19597456
19597796
19597820
19598007
19598033
19598040
19598141
19598147
19598228
19598313
19598378
19598393
19598488
19598520
19598554
19598716
19598828
19598850
19599015
19599040
19599041
19599114
19599119
19599198
19599229
19599283
19599331
19599389
19599428
19599430
19599468
19599491
19599493
19599642
19599643
19599650
19599693
19599776
19599844
19599874
19599994
19600050
19600070
19600284
19600307
19600448
19600522
19600563
19600569
19600569
19600583
19600592
19600664
19600873
19601047
19601849
19601907
19601942
19602103
19602335
19602390
19602406
19602542
19602625
19602663
19602735
19602812
19602883
19602922
19602954
19602968
19603004
19603055
19603216
19603219
19603229
19603259
19603345
19603348
19603367
19603433
19603487
19603555
19603624
19603636
19603732
19603759
19603818
19603999
19604109
19604123
19604138
19604151
19604165
19604166
19604238
19604260
19604295
19604307
19604313
19604414
19604487
19604504
19604549
19604571
19604651
19604686
19605063
19605237
19605307
19605339
19605390
19605406
19605463
19605581
19605620
19605717
19605826
19605856
19605860
19605888
19605944
19605966
19606103
19606227
19606247
19606319
19606380
19606485
19606698
19606722
19606903
19607012
19607088
19607153
19607274
19607278
19607641
19607660
19607695
19607709
19607792
19607807
19607812
19607818
19607909
19607930
19607979
19608040
19608042
19608078
19608173
19608207
19608285
19608314
19608347
19608348
19608383
19608390
19608471
19608548
19608608
19608702
19608711
19608748
19608822
19609025
19609107
19609161
19609167
19609174
19609265
19609345
19609347
19609357
19609448
19609486
19609535
19609848
19609896
19609919
19609947
19610129
19610134
19610316
19610503
19610652
19610687
19610807
19610851
19610907
19611015
19611102
19611520
19611578
19611667
19611699
19612053
19612068
19612099
19612394
19612532
19612939
19613742
19613973
19614005
19614081
19614154
19614167
19614221
19614261
19614625
19614660
19614756
19614792
19614860
19614880
19614996
19615097
19615109
19615152
19615202
19615226
19615294
19615355
19615427
19615439
19615586
19615595
19615696
19615724
19615763
19615837
19615855
19615877
19615954
19616037
19616073
19616082
19616112
19616129
19616170
19616251
19616266
19616279
19616342
19616420
19616582
19616595
19617075
19617178
19617202
19617271
19617338
19617408
19617532
19617589
19617616
19617695
19618081
19618109
19618115
19618423
19618440
19618443
19618454
19618470
19618518
19618543
19618550
19618633
19618680
19618813
19618958
19619033
19619069
19619159
19619226
19619303
19619314
19619360
19619607
19619668
19619849
19619851
19619881
19619967
19620049
19620059
19620115
19620139
19620202
19620232
19620259
19620309
19620329
19620399
19620496
19620508
19620512
19620516
19620527
19620699
19620757
19620758
19620797
19620804
19620845
19620858
19620936
19620973
19621012
19621042
19621069
19621152
19621170
19621207
19621246
19621287
19621317
19621399
19621523
19621570
19621610
19621631
19621679
19621751
19621759
19621833
19621914
19621929
19621939
19622042
19622059
19622100
19622144
19622147
19622340
19622408
19622470
19622700
19622723
19622798
19622803
19622907
19622975
19622976
19623028
19623083
19623246
19623417
19623500
19623513
19623551
19623614
19623944
19624001
19624040
19624064
19624129
19624173
19624330
19624495
19624565
19624644
19624700
19624863
19624896
19624991
19625050
19625202
19625234
19625266
19625292
19625668
19625797
19625831
19625887
19626129
19626464
19626534
19626535
19627161
19627357
19627515
19627570
19627574
19627694
19627913
19627977
19627992
19628053
19628061
19628735
19628803
19629000
19629048
19629126
19629139
19629226
19629287
19629400
19629435
19629471
19629529
19629553
19629643
19629669
19629715
19629754
19629803
19629840
19629857
19629899
19629920
19629974
19629996
19630023
19630122
19630254
19630255
19630271
19630311
19630358
19630575
19630581
19630618
19630649
19630716
19630726
19630731
19630811
19630837
19630898
19630972
19631003
19631089
19631114
19631204
19631265
19631308
19631451
19631491
19631561
19631598
19631660
19631708
19631784
19631896
19632221
19632260
19632301
19632390
19632442
19632570
19632617
19632645
19632652
19632837
19632888
19632950
19632995
19633031
19633082
19633139
19633161
19633351
19633359
19633363
19633463
19633471
19633605
19633658
19633788
19633796
19633892
19633902
19633925
19633938
19633939
19634021
19634040
19634051
19634067
19634121
19634155
19634211
19634220
19634230
19634254
19634262
19634271
19634309
19634481
19634584
19634615
19634621
19634656
19634756
19634769
19634844
19634976
19635001
19635074
19635135
19635318
19635337
19635506
19635550
19635690
19635732
19635738
19635889
19635973
19635981
19636041
19636090
19636096
19636126
19636135
19636146
19636156
19636252
19636258
19636298
19636311
19636389
19636407
19636442
19636531
19636592
19636696
19636727
19636744
19636769
19636798
19636822
19636876
19636879
19636920
19636977
19637042
19637044
19637056
19637057
19637098
19637124
19637130
19637218
19637269
19637270
19637278
19637281
19637292
19637296
19637332
19637390
19637483
19637627
19637675
19637699
19637730
19637805
19637826
19637887
19637911
19638077
19638171
19638200
19638274
19638282
19638292
19638385
19638414
19638592
19638600
19638713
19638731
19638809
19638811
19638847
19638902
19638931
19639020
19639162
19639243
19639257
19639297
19639346
19639372
19639373
19639380
19639391
19639411
19639423
19639464
19639659
19639687
19639713
19639835
19640013
19640036
19640075
19640083
19640140
19640211
19640257
19640412
19640452
19640559
19640613
19640663
19640913
19640984
19641191
19641207
19641230
19641301
19641335
19641497
19641622
19641709
19641775
19641971
19642050
19642095
19642174
19642464
19642492
19642571
19642656
19643156
19643169
19643198
19643581
19643642
19643785
19644363
19644450
19644551
19644590
19645052
19645340
19645398
19645528
19645632
19645693
19645894
19645903
19646042
19646143
19646169
19646221
19646266
19646284
19646373
19646394
19646587
19646588
19646638
19646699
19646734
19646767
19646773
19646887
19646888
19646953
19646974
19647028
19647110
19647187
19647194
19647276
19647318
19647479
19647504
19647528
19647565
19647568
19647679
19647772
19648057
19648285
19648287
19648360
19648370
19648403
19648602
19648663
19648859
19648957
19649134
19649261
19649283
19649371
19649444
19649520
19649525
19649547
19649826
19649880
19649923
19649966
19650003
19650008
19650084
19650102
19650157
19650166
19650177
19650186
19650191
19650297
19650320
19650488
19650631
19650962
19651013
19651078
19651079
19651195
19651253
19651329
19651332
19651338
19651478
19651569
19651684
19651688
19651754
19651861
19651907
19651957
19652155
19652169
19652186
19652272
19652402
19652965
19653056
19653072
19653227
19653376
19653445
19653475
19653530
19653554
19653762
19653866
19653893
19653895
19653940
19653990
19654017
19654034
19654095
19654252
19654253
19654302
19654396
19654397
19654420
19654433
19654640
19654653
19654877
19654970
19654997
19655092
19655186
19655353
19655651
19655804
19655881
19655906
19655991
19655997
19656203
19656249
19656701
19656924
19656934
19656937
19657032
19657208
19657273
19657374
19657393
19657401
19657406
19657488
19657521
19657544
19657561
19657636
19657699
19657700
19657740
19657867
19657936
19657952
19657994
19658017
19658053
19658096
19658100
19658139
19658191
19658286
19658312
19658323
19658379
19658463
19658521
19658586
19658684
19658758
19658766
19658800
19658857
19658883
19658933
19658937
19658987
19659067
19659083
19659109
19659171
19659325
19659352
19659522
19659553
19659617
19659660
19659824
19659874
19659928
19659973
19660169
19660242
19660315
19660325
19660373
19660465
19660722
19660760
19660774
19660951
19660965
19661183
19661266
19661354
19661407
19661511
19661538
19661554
19661701
19661733
19661786
19661937
19662214
19662359
19662366
19662367
19662549
19663074
19663084
19663100
19663388
19663723
19663834
19663959
19664062
19664110
19664338
19664469
19664553
19664555
19664570
19664602
19664709
19664979
19665084
19665114
19665152
19665210
19665211
19665331
19665465
19665524
19665527
19665657
19665676
19665728
19665782
19665784
19665793
19665859
19666119
19666131
19666294
19666358
19666367
19666403
19666435
19666573
19666627
19666679
19666686
19666693
19666722
19666904
19667006
19667031
19667056
19667088
19667097
19667398
19667419
19667539
19667542
19667588
19667851
19667890
19667988
19668138
19668276
19668312
19668328
19668576
19668602
19668653
19668691
19668803
19668883
19668891
19669043
19669234
19669503
19669546
19669672
19669742
19669751
19669884
19669966
19670050
19670066
19670113
19670124
19670127
19670199
19670357
19670405
19670445
19670458
19670481
19670499
19670506
19670522
19670534
19670575
19670608
19670821
19670942
19671054
19671061
19671104
19671121
19671138
19671180
19671258
19671321
19671385
19671417
19671620
19671705
19671918
19672119
19672178
19672263
19672337
19672349
19672369
19672457
19672530
19672638
19672681
19672857
19672894
19672913
19672975
19672984
19673182
19673318
19673412
19673508
19673533
19673728
19673742
19673833
19673839
19673878
19674038
19674110
19674281
19674297
19674301
19674314
19674352
19674452
19674485
19674513
19674531
19674542
19674616
19674627
19674645
19674660
19674674
19674684
19674734
19674804
19674856
19674908
19674971
19675096
19675121
19675147
19675227
19675243
19675358
19675405
19675443
19675558
19675658
19675703
19675707
19675711
19675716
19675718
19675738
19675743
19675756
19676032
19676050
19676099
19676100
19676110
19676160
19676301
19676377
19676397
19676548
19676681
19676730
19676865
19676871
19676965
19677105
19677156
19677169
19677185
19677202
19677221
19677242
19677265
19677284
19677352
19677365
19677523
19677749
19677768
19677934
19678025
19678062
19678231
19678264
19678266
19678339
19678407
19678436
19678468
19678493
19678505
19678588
19678622
19678679
19678682
19678865
19678870
19678897
19679035
19679048
19679135
19679266
19679267
19679277
19679300
19679323
19679338
19679352
19679521
19679531
19679564
19679657
19679677
19679729
19679742
19680087
19680206
19680314
19680333
19680474
19680500
19680555
19680570
19680746
19680806
19680886
19680903
19681061
19681256
19681568
19681887
19682018
19682041
19682669
19682980
19683002
19683653
19683974
19684355
19684395
19684555
19684599
19684646
19684653
19684798
19684896
19684920
19684937
19684988
19684996
19685015
19685110
19685138
19685509
19685546
19685547
19685686
19685824
19685964
19685986
19686086
19686184
19686207
19686324
19686418
19686426
19686439
19686485
19686659
19686662
19686688
19686694
19686989
19687063
19687185
19687300
19687341
19687468
19687576
19687677
19687850
19687875
19687923
19687961
19688028
19688062
19688220
19688273
19688413
19688474
19688529
19688532
19688541
19688610
19688986
19689060
19689072
19689159
19689231
19689271
19689279
19689644
19689680
19689686
19689715
19689727
19689767
19689771
19689801
19689827
19689842
19689869
19689879
19689884
19689918
19690086
19690156
19690323
19690331
19690373
19690437
19690476
19690483
19690590
19690674
19690730
19690740
19690747
19690872
19691088
19691179
19691219
19691261
19691290
19691357
19691369
19691448
19691525
19691601
19691658
19691667
19691670
19691742
19691853
19691939
19691954
19691984
19692148
19692176
19692218
19692285
19692298
19692354
19692481
19692518
19692555
19692570
19692704
19692726
19692747
19692783
19692803
19692951
19692989
19693015
19693070
19693082
19693207
19693216
19693253
19693262
19693291
19693307
19693354
19693483
19693508
19693531
19693546
19693549
19693775
19693808
19693843
19693849
19693901
19694009
19694043
19694051
19694066
19694116
19694165
19694214
19694279
19694290
19694308
19694455
19694463
19694490
19694518
19694552
19694819
19694828
19694894
19694938
19694951
19695061
19695101
19695148
19695177
19695222
19695250
19695276
19695337
19695395
19695405
19695578
19695639
19695646
19695709
19695810
19695823
19695866
19695889
19695957
19695964
19695985
19696119
19696150
19696183
19696407
19696432
19696470
19696475
19696515
19696518
19696558
19696595
19696646
19696674
19696701
19696746
19696792
19696811
19696852
19696899
19696972
19697151
19697371
19697403
19697466
19697471
19697527
19697537
19697719
19697782
19697794
19698141
19698223
19698227
19698346
19698409
19698439
19698509
19698510
19698660
19698886
19699039
19699107
19699115
19699218
19699241
19699596
19699821
19699971
19700108
19700114
19700201
19700281
19700327
19700369
19700372
19700463
19700585
19700616
19700646
19700652
19700739
19700871
19700918
19700984
19701029
19701365
19701412
19701427
19701453
19701570
19701644
19701704
19701716
19701763
19701809
19701913
19701921
19701946
19702049
19702484
19702498
19702506
19702567
19703000
19703267
19703736
19703840
19704133
19704255
19704867
19704962
19704978
19705042
19705112
19705180
19705230
19705292
19705313
19705335
19705340
19705347
19705381
19705413
19705428
19705463
19705569
19705623
19705705
19705964
19706068
19706185
19706188
19706308
19706347
19706416
19706708
19706714
19706816
19706843
19706860
19706938
19706993
19707051
19707098
19707108
19707180
19707255
19707306
19707370
19707374
19707387
19707483
19707537
19707573
19707617
19707714
19707869
19707901
19707908
19707943
19708057
19708204
19708265
19708403
19708429
19708583
19708635
19708670
19708692
19708887
19708955
19709004
19709022
19709059
19709139
19709176
19709248
19709281
19709432
19709495
19709550
19709551
19709584
19709638
19709656
19709664
19709666
19709734
19709896
19709950
19709970
19710064
19710293
19710331
19710391
19710419
19710446
19710462
19710533
19710554
19710588
19710664
19710697
19710763
19710855
19710907
19710965
19711082
19711148
19711190
19711212
19711234
19711268
19711280
19711328
19711353
19711380
19711419
19711471
19711512
19711524
19711661
19711667
19711722
19711775
19711931
19712000
19712200
19712260
19712266
19712270
19712296
19712338
19712363
19712393
19712649
19712661
19712672
19712687
19713062
19713074
19713083
19713169
19713210
19713232
19713265
19713312
19713384
19713589
19713592
19713596
19713630
19713735
19713774
19713885
19713953
19714005
19714056
19714091
19714163
19714167
19714172
19714229
19714268
19714288
19714392
19714520
19714580
19714590
19714665
19714687
19714819
19714965
19714995
19715020
19715058
19715121
19715333
19715377
19715386
19715723
19715739
19715765
19715827
19716010
19716014
19716029
19716073
19716305
19716330
19716375
19716376
19716385
19716424
19716474
19716484
19716496
19716501
19716626
19716666
19716722
19716872
19716905
19716926
19716955
19717009
19717066
19717109
19717134
19717141
19717174
19717249
19717258
19717280
19717286
19717336
19717340
19717363
19717533
19717572
19717632
19717689
19717723
19717741
19717750
19717905
19717918
19718103
19718151
19718204
19718229
19718290
19718329
19718523
19718767
19718840
19718854
19718943
19718951
19718993
19719009
19719034
19719080
19719126
19719232
19719617
19719759
19719862
19720126
19720184
19720270
19720342
19720458
19720565
19720613
19720782
19720832
19720871
19720877
19720907
19720961
19721036
19721291
19721304
19721338
19721441
19721535
19721584
19721906
19722207
19722565
19722876
19723074
19723168
19723206
19723208
19723249
19723291
19723333
19723351
19723384
19723421
19723426
19723440
19723699
19723776
19723803
19723855
19723888
19724436
19724699
19724738
19724792
19724827
19724830
19724870
19724975
19725079
19725100
19725244
19725248
19725301
19725328
19725364
19725383
19725452
19725593
19725668
19725782
19725892
19725897
19725919
19725971
19725985
19726028
19726067
19726180
19726196
19726366
19726471
19726689
19726710
19726716
19726975
19727156
19727273
19727402
19727429
19727434
19727527
19727602
19727634
19727765
19727798
19727929
19727946
19727967
19728027
19728092
19728214
19728294
19728309
19728425
19728476
19728487
19728595
19728599
19728642
19728688
19728745
19728828
19728929
19729010
19729034
19729157
19729219
19729232
19729456
19729805
19729892
19729907
19729961
19730080
19730174
19730428
19730536
19730572
19730929
19730934
19730998
19731018
19731027
19731069
19731097
19731120
19731178
19731190
19731248
19731249
19731257
19731296
19731306
19731385
19731405
19731501
19731720
19731768
19731843
19731996
19732030
19732207
19732330
19732482
19732547
19732558
19732659
19732713
19732885
19732967
19732972
19733043
19733069
19733143
19733220
19733542
19733583
19733638
19733847
19733889
19734117
19734144
19734162
19734173
19734231
19734293
19734360
19734409
19734451
19734492
19734792
19734852
19734940
19734971
19735135
19735281
19735315
19735420
19735426
19735430
19735513
19735873
19735907
19735993
19736025
19736069
19736223
19736368
19736394
19736535
19736603
19736798
19736890
19736947
19736961
19736984
19737014
19737116
19737132
19737173
19737184
19737192
19737362
19737449
19737479
19737484
19737908
19737981
19738148
19738170
19738203
19738250
19738289
19738293
19738695
19738739
19738799
19738987
19739059
19739273
19739306
19739438
19739647
19739890
19740039
19740283
19740314
19740340
19740414
19740540
19740541
19740572
19740592
19740704
19740714
19740725
19740806
19740812
19741162
19741262
19741264
19741323
19741324
19741565
19741577
19741628
19741650
19741785
19741822
19741996
19742064
19742208
19742286
19742452
19742548
19742714
19742745
19742746
19742816
19742822
19742946
19743036
19743058
19743087
19743248
19743260
19743272
19743324
19743334
19743395
19743482
19743606
19743618
19743657
19743673
19743793
19743844
19743862
19743912
19743925
19743941
19743964
19744028
19744056
19744076
19744077
19744093
19744155
19744235
19744242
19744311
19744330
19744444
19744462
19744491
19744495
19744503
19744518
19744547
19744647
19744649
19744660
19744691
19744807
19744828
19744906
19745058
19745146
19745207
19745231
19745284
19745383
19745476
19745478
19745495
19745541
19745711
19745716
19745777
19745877
19745929
19745952
19746089
19746135
19746145
19746166
19746199
19746217
19746242
19746280
19746440
19746467
19746480
19746513
19746533
19746652
19746748
19746779
19746782
19746804
19747017
19747045
19747187
19747278
19747300
19747392
19747464
19747595
19747701
19747754
19747782
19747909
19747940
19748039
19748067
19748280
19748304
19748403
19748431
19748517
19748535
19748553
19748569
19748582
19748665
19748720
19748731
19748760
19748775
19748841
19748900
19748977
19749039
19749045
19749207
19749232
19749317
19749379
19749391
19749413
19749431
19749470
19749554
19749567
19749585
19749672
19749683
19749760
19749799
19749927
19749954
19749975
19750031
19750084
19750088
19750240
19750518
19750692
19750749
19750868
19750905
19751053
19751140
19751148
19751171
19751205
19751219
19751241
19751244
19751376
19751420
19751549
19751573
19752182
19752276
19752331
19752415
19752446
19752464
19752474
19752484
19752498
19752577
19752849
19752913
19752970
19753019
19753586
19753607
19754083
19754459
19754505
19754520
19754662
19754762
19754774
19754987
19755084
19755245
19755301
19755370
19755428
19755450
19755546
19755618
19755723
19755768
19755794
19755876
19755889
19755960
19756013
19756053
19756155
19756166
19756516
19756524
19756544
19756641
19756643
19756741
19756786
19756930
19756968
19756979
19757138
19757197
19757328
19757415
19757423
19757438
19757515
19757705
19757717
19757786
19757788
19757804
19757817
19757928
19757981
19757990
19758006
19758008
19758046
19758192
19758280
19758392
19758402
19758460
19758485
19758500
19758530
19758559
19758567
19758673
19758750
19758755
19758768
19758799
19758864
19758909
19758940
19758952
19758997
19759060
19759169
19759172
19759232
19759315
19759450
19759492
19759511
19759546
19759718
19759739
19759794
19759852
19759869
19759875
19759916
19759917
19760008
19760038
19760103
19760117
19760144
19760163
19760175
19760204
19760247
19760267
19760269
19760361
19760402
19760417
19760462
19760581
19760612
19760617
19760621
19760715
19760719
19760746
19760779
19760845
19760900
19760937
19760970
19760994
19761056
19761194
19761259
19761303
19761310
19761315
19761335
19761338
19761465
19761597
19761602
19761682
19761716
19761730
19761734
19761887
19761995
19762102
19762111
19762130
19762154
19762173
19762225
19762247
19762252
19762267
19762304
19762414
19762436
19762561
19762566
19762569
19762612
19762617
19762625
19762631
19762680
19762772
19762782
19762816
19762850
19762901
19762952
19763012
19763122
19763147
19763210
19763258
19763276
19763298
19763382
19763406
19763436
19763459
19763552
19763574
19763608
19763643
19763657
19763707
19763730
19763740
19763838
19763899
19763927
19763934
19763943
19763974
19764054
19764097
19764136
19764204
19764243
19764273
19764336
19764356
19764690
19764711
19764747
19764767
19764777
19764824
19765121
19765157
19765331
19765340
19765350
19765461
19765558
19765671
19765773
19765839
19765884
19765897
19765961
19766016
19766032
19766056
19766095
19766099
19766251
19766312
19766327
19766337
19766387
19766456
19766462
19766513
19766537
19766575
19766616
19766635
19766636
19766690
19766791
19766824
19766852
19766925
19766978
19767215
19767258
19767282
19767346
19767368
19767372
19767430
19767452
19767472
19767559
19767664
19767688
19767924
19768107
19768115
19768219
19768282
19768437
19768454
19768670
19768713
19768762
19768829
19768882
19769013
19769017
19769057
19769373
19769671
19769680
19769783
19769912
19770103
19770235
19770285
19770297
19770313
19770365
19770847
19770980
19771192
19771967
19772194
19772222
19772245
19772332
19772467
19772714
19772734
19772779
19772785
19772850
19773006
19773130
19773281
19773291
19773301
19773657
19773787
19773857
19773880
19773985
19774008
19774037
19774165
19774252
19774346
19774537
19774544
19774550
19774554
19774594
19774692
19774702
19774710
19774764
19774890
19774893
19774916
19775084
19775115
19775134
19775141
19775173
19775206
19775292
19775340
19775380
19775391
19775520
19775523
19775589
19775663
19775689
19775715
19775753
19775807
19775812
19775903
19775949
19775950
19775952
19775998
19776046
19776150
19776151
19776217
19776240
19776537
19776625
19776720
19776846
19776883
19776893
19776905
19777078
19777217
19777288
19777328
19777412
19777504
19777522
19777571
19777580
19777584
19777612
19777668
19777707
19777746
19777905
19778102
19778260
19778264
19778647
19778687
19778701
19778774
19778812
19778914
19779043
19779077
19779098
19779215
19779217
19779313
19779371
19779385
19779540
19779613
19779637
19779699
19779749
19779795
19780051
19780093
19780216
19780239
19780503
19780635
19780646
19780690
19780755
19780901
19780937
19780953
19780958
19781001
19781045
19781081
19781201
19781275
19781391
19781397
19781423
19781480
19781504
19781588
19781971
19782084
19782119
19782211
19782234
19782320
19782367
19782423
19782520
19782707
19782797
19782818
19782939
19783023
19783043
19783168
19783454
19783642
19783663
19783691
19783788
19783858
19783904
19784034
19784178
19784228
19784269
19784277
19784343
19784355
19784365
19784388
19784406
19784492
19784539
19784548
19784585
19784717
19784817
19784833
19784887
19784973
19785015
19785061
19785071
19785083
19785210
19785259
19785416
19785458
19785460
19785524
19785625
19785640
19785655
19785676
19785679
19785737
19785741
19785820
19785854
19785866
19785875
19785926
19785942
19785953
19786115
19786116
19786228
19786240
19786301
19786302
19786312
19786366
19786465
19786471
19786546
19786549
19786628
19786654
19786687
19786737
19786757
19786775
19786915
19786956
19787062
19787165
19787558
19787604
19787716
19787770
19787885
19787930
19788005
19788036
19788051
19788202
19788213
19788240
19788253
19788316
19788337
19788473
19788565
19788577
19788581
19788614
19788672
19788952
19788956
19788957
19788976
19788993
19789027
19789039
19789067
19789302
19789369
19789618
19789620
19789665
19789677
19789802
19789861
19789878
19789964
19790011
19790344
19790547
19790551
19790565
19790601
19790690
19791624
19791739
19791865
19791922
19791924
19792272
19792294
19792349
19792354
19792466
19792605
19792746
19793185
19793191
19793210
19793217
19793242
19793446
19793631
19793707
19793770
19793843
19793878
19793880
19793924
19794193
19794316
19794495
19794648
19795001
19795057
19795160
19795175
19795189
19795225
19795275
19795292
19795321
19795354
19795533
19795542
19795646
19795698
19795701
19795796
19795854
19795879
19795939
19796081
19796115
19796127
19796138
19796151
19796246
19796360
19796399
19796469
19796535
19796587
19796590
19796683
19796746
19796857
19796882
19796891
19796970
19797033
19797061
19797113
19797273
19797404
19797418
19797428
19797445
19797495
19797515
19797560
19797600
19797638
19797736
19797868
19798382
19798561
19798574
19798577
19798645
19798715
19798780
19798810
19798819
19798849
19798857
19798952
19799027
19799210
19799221
19799329
19799335
19799489
19799525
19799754
19799757
19799857
19799947
19799964
19800066
19800074
19800098
19800207
19800250
19800326
19800361
19800400
19800416
19800505
19800566
19800709
19800814
19800830
19800841
19801033
19801110
19801114
19801134
19801154
19801201
19801310
19801367
19801394
19801466
19801474
19801493
19801599
19801605
19801852
19801869
19801896
19801956
19801984
19802094
19802173
19802176
19802239
19802577
19802734
19802824
19802840
19802932
19802994
19803002
19803068
19803101
19803138
19803150
19803197
19803208
19803218
19803277
19803362
19803404
19803428
19803462
19803515
19803665
19803702
19803746
19803775
19803798
19803917
19803929
19803951
19804113
19804147
19804231
19804233
19804388
19804413
19804458
19804496
19804501
19804571
19804577
19804599
19804655
19804693
19804711
19804935
19804954
19804977
19805044
19805091
19805164
19805212
19805254
19805265
19805438
19805513
19805582
19805603
19805716
19805732
19805748
19805848
19805905
19805926
19805940
19805964
19806015
19806088
19806105
19806134
19806225
19806268
19806293
19806304
19806377
19806449
19806569
19806576
19806863
19806884
19806903
19806980
19807035
19807056
19807093
19807132
19807151
19807348
19807435
19807445
19807466
19807484
19807652
19807710
19807721
19807800
19807804
19807805
19807874
19807938
19808123
19808140
19808201
19808259
19808300
19808349
19808404
19808439
19808493
19808508
19808511
19808524
19808529
19808530
19808541
19808834
19808904
19808938
19809056
19809138
19809145
19809175
19809248
19809264
19809273
19809604
19809607
19810585
19811020
19811196
19811442
19811488
19811581
19811587
19811615
19811765
19811930
19811950
19812026
19812097
19812298
19812427
19812493
19812625
19812715
19813348
19813387
19813530
19813734
19813895
19813926
19814007
19814107
19814216
19814324
19814487
19814560
19814573
19814589
19814634
19814789
19814814
19814846
19814945
19815029
19815034
19815072
19815093
19815149
19815251
19815300
19815310
19815455
19815508
19815527
19815702
19815736
19815747
19815815
19815841
19815971
19815975
19816006
19816031
19816095
19816138
19816237
19816274
19816301
19816529
19816617
19816715
19816843
19816856
19816857
19816895
19816917
19817001
19817047
19817080
19817224
19817389
19817510
19817529
19817625
19817705
19817709
19817730
19817762
19817788
19817911
19818151
19818248
19818268
19818393
19818405
19818444
19818449
19818460
19818594
19818637
19818671
19818693
19818748
19818855
19819168
19819232
19819278
19819303
19819352
19819478
19819507
19819539
19819626
19819689
19819910
19819919
19819972
19820031
19820038
19820044
19820114
19820146
19820148
19820188
19820259
19820333
19820337
19820571
19820654
19820747
19820778
19820884
19820905
19820943
19820958
19820972
19821045
19821049
19821160
19821206
19821250
19821318
19821336
19821398
19821527
19821551
19821565
19821690
19821692
19821749
19821768
19821794
19822097
19822134
19822143
19822147
19822170
19822230
19822280
19822453
19822532
19822614
19822750
19822958
19822967
19822994
19823069
19823163
19823304
19823407
19823445
19823520
19823616
19823662
19823687
19823771
19823889
19823964
19824080
19824097
19824353
19824375
19824382
19824435
19824500
19824509
19824528
19824554
19824777
19824825
19824993
19825015
19825018
19825050
19825152
19825276
19825281
19825418
19825552
19825573
19825578
19825589
19825834
19826011
19826068
19826234
19826378
19826428
19826464
19826489
19826574
19826585
19826601
19826605
19826630
19826631
19826675
19826685
19826700
19826917
19826980
19826982
19827044
19827210
19827401
19827502
19827565
19827594
19827659
19827717
19827721
19827778
19827832
19827974
19827975
19828045
19828065
19828100
19828151
19828179
19828183
19828255
19828297
19828303
19828442
19828534
19828921
19828998
19829060
19829139
19829143
19829147
19829215
19829243
19829454
19829503
19829773
19829787
19829836
19829879
19830121
19830393
19830420
19830538
19830557
19830687
19830738
19831057
19831458
19831764
19831982
19832193
19832204
19833001
19833196
19833300
19833311
19833610
19833734
19833763
19833845
19833918
19834165
19834318
19834415
19834519
19834602
19834734
19834761
19834847
19834882
19834911
19834975
19834978
19834997
19835014
19835164
19835246
19835432
19835459
19835552
19835599
19835924
19835980
19836163
19836179
19836266
19836525
19836550
19836552
19836759
19836772
19836844
19836884
19836944
19836986
19837057
19837086
19837156
19837203
19837207
19837277
19837551
19837615
19837852
19837893
19837975
19838046
19838217
19838227
19838263
19838355
19838373
19838387
19838471
19838474
19838479
19838491
19838695
19838840
19838917
19838966
19839225
19839283
19839317
19839319
19839379
19839489
19839504
19839524
19839740
19839770
19839841
19839850
19839898
19840047
19840115
19840424
19840515
19840598
19840980
19841030
19841797
19841828
19841872
19842029
19842085
19842240
19842324
19842336
19842369
19842451
19842696
19842766
19842820
19842834
19842971
19843154
19843278
19843339
19843384
19843492
19843512
19844035
19844113
19844119
19844177
19844247
19844251
19844417
19844499
19844618
19844658
19844860
19844988
19845083
19845214
19845373
19845502
19845554
19845563
19845614
19845636
19845725
19845765
19845982
19846222
19846390
19846410
19846415
19846531
19846668
19846863
19847021
19847031
19847065
19847087
19847094
19847243
19847831
19848103
19848191
19848348
19848373
19848684
19848752
19848778
19849345
19849887
19850309
19850536
19850540
19850552
19850589
19850731
19850736
19850849
19850884
19851008
19851136
19851192
19851279
19851286
19851367
19851387
19851439
19851519
19851551
19851574
19851634
19851648
19851706
19851822
19851845
19851979
19851998
19852068
19852069
19852088
19852119
19852386
19852451
19852457
19852578
19852639
19852945
19853014
19853071
19853165
19853190
19853298
19853348
19853502
19853531
19853555
19853572
19853712
19853717
19854019
19854076
19854359
19854407
19854468
19854546
19854604
19854628
19854680
19854692
19854750
19854776
19854832
19854893
19854935
19855001
19855307
19855345
19855401
19855436
19855678
19855804
19855826
19855891
19855968
19855989
19856053
19856135
19856180
19856200
19856337
19856359
19856436
19856452
19856474
19856640
19856835
19856918
19856919
19856924
19857115
19857118
19857217
19857222
19857358
19857420
19857511
19857520
19857580
19857613
19857633
19857675
19857776
19857832
19857887
19858028
19858046
19858050
19858081
19858082
19858230
19858334
19858537
19858581
19858827
19858875
19859016
19859263
19859314
19859432
19859513
19859542
19859553
19859574
19859586
19859597
19859598
19859716
19859762
19859932
19860237
19860285
19860347
19860388
19860439
19860451
19860507
19860574
19860614
19860666
19860737
19860903
19861088
19861140
19861213
19861540
19861583
19861591
19861657
19861740
19861761
19861827
19861915
19862190
19862345
19862537
19862635
19862892
19863342
19863389
19863565
19863847
19864287
19864595
19865000
19865260
19865338
19865464
19865492
19865806
19866000
19866050
19866343
19866482
19866531
19866571
19866595
19866667
19866742
19866781
19867063
19867163
19867182
19867260
19867300
19867528
19867619
19867669
19867739
19867872
19867903
19867954
19867981
19868012
19868084
19868206
19868301
19868456
19868597
19868764
19868803
19868823
19868885
19869080
19869286
19869428
19869478
19869550
19869631
19869679
19869694
19869805
19869809
19869957
19870162
19870179
19870205
19870229
19870327
19870714
19870717
19870937
19870974
19871071
19871134
19871244
19871259
19871310
19871334
19871349
19871439
19871473
19871503
19871557
19871605
19871931
19871999
19872069
19872366
19872546
19872622
19872667
19872896
19873106
19873140
19873514
19873523
19873547
19873612
19873677
19873813
19873887
19874046
19874124
19874345
19874540
19874553
19874788
19874922
19874943
19875016
19875063
19875107
19875442
19875606
19875609
19875654
19875678
19875785
19875957
19875962
19875969
19876216
19876247
19876254
19879643
19879685
19879888
19879984
19880006
19880019
19880326
19880408
19880410
19880674
19880679
19880755
19880810
19880988
19881143
19881215
19881216
19881264
19881342
19881472
19881550
19881551
19881586
19881615
19881733
19881785
19881912
19881989
19882040
19882083
19882115
19882119
19882126
19882175
19882193
19882303
19882323
19882369
19882406
19882527
19882528
19882558
19882667
19882669
19882941
19883177
19883408
19883486
19883602
19883672
19883756
19883868
19883874
19883984
19884177
19884309
19884330
19884331
19884412
19884471
19884589
19885041
19885202
19885258
19885270
19885279
19885433
19885443
19885503
19885507
19885693
19885706
19885797
19885826
19886091
19886147
19886151
19886168
19886426
19886552
19886730
19886740
19886833
19886858
19886909
19886937
19886958
19886965
19887011
19887022
19887036
19887078
19887137
19887211
19887411
19887610
19887866
19887871
19888051
19888077
19888186
19888194
19888198
19888204
19888266
19888271
19888530
19888542
19888587
19888647
19888793
19888892
19889068
19889126
19889136
19889206
19889227
19889307
19889352
19889370
19889382
19889488
19889524
19889525
19889647
19889654
19889740
19889758
19890017
19890180
19890211
19890239
19890305
19890408
19890419
19890507
19890516
19890574
19890644
19890715
19890718
19891054
19891109
19891395
19891551
19892059
19894232
19895159
19895275
19895434
19895784
19896133
19896212
19896335
19896377
19896463
19896542
19896604
19896818
19896829
19897088
19897151
19897191
19897232
19897325
19897342
19897388
19897450
19897540
19897741
19897760
19897772
19897907
19897971
19897983
19898079
19898124
19898165
19898489
19898528
19898529
19898657
19898686
19898735
19898784
19899184
19899250
19899480
19899521
19899727
19899736
19899907
19899950
19899952
19899968
19900016
19900022
19900086
19900096
19900110
19900144
19900194
19900220
19900268
19900306
19900327
19900373
19900414
19900485
19900530
19900542
19900593
19900664
19900799
19900886
19900939
19900964
19900988
19901041
19901088
19901210
19901235
19901255
19901267
19901362
19901481
19901575
19901675
19901724
19901757
19901853
19901869
19901912
19902301
19902458
19902724
19902733
19902815
19902952
19903094
19903109
19903178
19903359
19903367
19903633
19903781
19903789
19903835
19903843
19903928
19903973
19904045
19904052
19904076
19904121
19904176
19904384
19904414
19904491
19904926
19905079
19905125
19905295
19905398
19905440
19905695
19905853
19905891
19905944
19906009
19906077
19906190
19906200
19906469
19906640
19906709
19906747
19906805
19906931
19907060
19907267
19907460
19907519
19907624
19907651
19907704
19907734
19907835
19907836
19907872
19907906
19907932
19908011
19908147
19908193
19908235
19908294
19908302
19908347
19908390
19908492
19908515
19908581
19908604
19908661
19908693
19908777
19908814
19908838
19908853
19908988
19909023
19909086
19909118
19909140
19909241
19909371
19909481
19909559
19909630
19909740
19909790
19909794
19909806
19909881
19909939
19909999
19910047
19910075
19910141
19910286
19910385
19910699
19910792
19910858
19911006
19911067
19911151
19911379
19911436
19911749
19912217
19913327
19914374
19915245
19915364
19915438
19915562
19915582
19915758
19915838
19915970
19916092
19916303
19916497
19916718
19916919
19916999
19917132
19917239
19917250
19917299
19917347
19917488
19917739
19917805
19917824
19918060
19918090
19918308
19918369
19918404
19918615
19918695
19918702
19918832
19918879
19918967
19918971
19918988
19919086
19919153
19919322
19919532
19919687
19919714
19919762
19919983
19920014
19920081
19920109
19920170
19920181
19920192
19920443
19920463
19920605
19920874
19920883
19921016
19921246
19921269
19921283
19921343
19921415
19921484
19921539
19921695
19921735
19921913
19922019
19922078
19922149
19922231
19922247
19922348
19922356
19922362
19922532
19922556
19922647
19922685
19922852
19922878
19923051
19923205
19923369
19923419
19923429
19923483
19923504
19923551
19923619
19923661
19923849
19923888
19923964
19923979
19923981
19924077
19924141
19924252
19924357
19924574
19924903
19924923
19924937
19924953
19925002
19925057
19925144
19925275
19925582
19925618
19925831
19925834
19925870
19925937
19925944
19926268
19926272
19926414
19926483
19926530
19926625
19926752
19926784
19926800
19927088
19927092
19927104
19927125
19927424
19927479
19927537
19927627
19927762
19927884
19928119
19928145
19928198
19928256
19928361
19928397
19928467
19928499
19928505
19928534
19928537
19928707
19928796
19928810
19928821
19929215
19929385
19929557
19929564
19929669
19929697
19929699
19929842
19929905
19929915
19929938
19930056
19930163
19930269
19930467
19930474
19930619
19930723
19930726
19931183
19931573
19931797
19932553
19934118
19934174
19934328
19935013
19935140
19935234
19935633
19935867
19935925
19936172
19936333
19936379
19936609
19936625
19936649
19936966
19937007
19937234
19937253
19937309
19937325
19937410
19937475
19937506
19937577
19937678
19937749
19937778
19937788
19937851
19937867
19937872
19937996
19937997
19938061
19938196
19938203
19938244
19938393
19938399
19938460
19938479
19938599
19938647
19938702
19938760
19938775
19938783
19938861
19938977
19938984
19939581
19939658
19939752
19939816
19939834
19939853
19939963
19940260
19940304
19940401
19940417
19940449
19940493
19940526
19940602
19940612
19940642
19940651
19940692
19940711
19940728
19940733
19940741
19940755
19940870
19941116
19941179
19941180
19941394
19941431
19941506
19941632
19941698
19941754
19942155
19942170
19942174
19942516
19942587
19942674
19942679
19942768
19942930
19942957
19942988
19943073
19943084
19943361
19943550
19943662
19943676
19943677
19943682
19943938
19943972
19944017
19944055
19944071
19944091
19944221
19944222
19944275
19944341
19944496
19944593
19944617
19944629
19944673
19944741
19944780
19944801
19944903
19945085
19945310
19945697
19945702
19945947
19945950
19946206
19946207
19946365
19946853
19947138
19947324
19947354
19947357
19947372
19947481
19947553
19947555
19947695
19947789
19947904
19948072
19948084
19948108
19948115
19948491
19948893
19948912
19949111
19949387
19949421
19949580
19949651
19949775
19949843
19949852
19950299
19950388
19950629
19950816
19950879
19952720
19954090
19954140
19954378
19954870
19954905
19955073
19955371
19955433
19955472
19955572
19955651
19955703
19955759
19955789
19955846
19955878
19955987
19956095
19956188
19956264
19956280
19956428
19956448
19956465
19956523
19956695
19956719
19956885
19957048
19957078
19957085
19957213
19957221
19957235
19957300
19957373
19957425
19957429
19957455
19957474
19957545
19957587
19957594
19957595
19957596
19957637
19957775
19958015
19958075
19958153
19958182
19958193
19958266
19958300
19958304
19958309
19958770
19958825
19958839
19958867
19958926
19958942
19958983
19959052
19959062
19959187
19959326
19959430
19959445
19959675
19959689
19959738
19959824
19959970
19959996
19960032
19960051
19960164
19960226
19960565
19960901
19960905
19960920
19960964
19961099
19961150
19961711
19961947
19962126
19962543
19963011
19963222
19963343
19963466
19963496
19963539
19963824
19963935
19964010
19964037
19964049
19964176
19964198
19964280
19964409
19964446
19964561
19964983
19964988
19965094
19965277
19965282
19965479
19965627
19965709
19965749
19965846
19965952
19966056
19966107
19966213
19966439
19966489
19966506
19966514
19966569
19966600
19966619
19966678
19966768
19967039
19967073
19967131
19967211
19967220
19967455
19967561
19967773
19968096
19968200
19968227
19968836
19968912
19968914
19969058
19969503
19969862
19970766
19971648
19972250
19972417
19972689
19972720
19973338
19973351
19973382
19973438
19973469
19973499
19973858
19973923
19973925
19973956
19974149
19974251
19974401
19974437
19974461
19974616
19974698
19974887
19974892
19974908
19974916
19974963
19974989
19975035
19975065
19975080
19975166
19975182
19975220
19975256
19975257
19975294
19975443
19975489
19975532
19975568
19975656
19975695
19975753
19975789
19975890
19976000
19976028
19976064
19976191
19976202
19976263
19976275
19976335
19976452
19976565
19976619
19976621
19976722
19976955
19976981
19977097
19977192
19977279
19977413
19977562
19977599
19977609
19977655
19977697
19977849
19978012
19978121
19978179
19978181
19978209
19978529
19978532
19978566
19978677
19978680
19978721
19978735
19979008
19979277
19979334
19979364
19979517
19979587
19979708
19979987
19980094
19980139
19980412
19980476
19980624
19981047
19981295
19981325
19981362
19981859
19982001
19982101
19982141
19982378
19982475
19982540
19982612
19982613
19982676
19982685
19983006
19983043
19983080
19983093
19983158
19983276
19983538
19983659
19983777
19983939
19983965
19984244
19984304
19985071
19985086
19985121
19985204
19985332
19985508
19988573
19988742
19988959
19988960
19989155
19989178
19989282
19989560
19989875
19989894
19989899
19989911
19989983
19989985
19990129
19990349
19990536
19990592
19990625
19990765
19990767
19990788
19990825
19990911
19990941
19990943
19990981
19991055
19991108
19991198
19991223
19991266
19991277
19991344
19991438
19991450
19991601
19991645
19991799
19991848
19991858
19991903
19991994
19992025
19992043
19992072
19992140
19992160
19992161
19992169
19992212
19992221
19992243
19992266
19992280
19992373
19992473
19992549
19992865
19992948
19992954
19992991
19992996
19993044
19993125
19993186
19993221
19993233
19993505
19993623
19993830
19993902
19993991
19994098
19994118
19994129
19994272
19994317
19994420
19994465
19994515
19994516
19994541
19994600
19994648
19994665
19994686
19994746
19994829
19994887
19994890
19994952
19995005
19995055
19995134
19995229
19995314
19995329
19995371
19995474
19995748
19995815
19995832
19996073
19996479
19996515
19996530
19996828
19997293
19997473
19997689
19997781
19997909
19997937
19998081
19998098
19998262
19998466
19998701
19998730
19998840
19999277
20001833
20001924
20001930
20002348
20002359
20002529
20002692
20002951
20002971
20003839
20003881
20003897
20004036
20004129
20004209
20004411
20004492
20004531
20004601
20004619
20004651
20004700
20005029
20005049
20005109
20005112
20005285
20005307
20005367
20005417
20005424
20005430
20005431
20005434
20005472
20005484
20005603
20005607
20005702
20005734
20005760
20005884
20005885
20006098
20006162
20006466
20006533
20006546
20006561
20006623
20006639
20006653
20006665
20006744
20006805
20006949
20006965
20007028
20007085
20007131
20007189
20007250
20007307
20007405
20007673
20007754
20007821
20007876
20007891
20007897
20007952
20007960
20007982
20008125
20008430
20008476
20008510
20008539
20008610
20008905
20008945
20009004
20009066
20009180
20009259
20009264
20009326
20009351
20009454
20009464
20009498
20009719
20009784
20009839
20009882
20009946
20010058
20010191
20010269
20010530
20010601
20010681
20010726
20010730
20010783
20010791
20010864
20010869
20010893
20010951
20011041
20011092
20011166
20011261
20011273
20011345
20011357
20011497
20011526
20011589
20011633
20011635
20011660
20011743
20011761
20011862
20011867
20011944
20011999
20012034
20012261
20012404
20012615
20012634
20012669
20012727
20012786
20012816
20012906
20013040
20013152
20013345
20013354
20013530
20013574
20013962
20014034
20014221
20014272
20014316
20014730
20014816
20015533
20016689
20018037
20018335
20018378
20018626
20019155
20019239
20019406
20019502
20019590
20019621
20019627
20019989
20020025
20020190
20020198
20020256
20020316
20020343
20020392
20020408
20020595
20020692
20020751
20020769
20020833
20020901
20020905
20020907
20020913
20020988
20021176
20021241
20021294
20021318
20021468
20021477
20021496
20021728
20021787
20021821
20021849
20021898
20021904
20022170
20022214
20022250
20022333
20022379
20022568
20022607
20022639
20022643
20022711
20022716
20022732
20022744
20022778
20022813
20022945
20022980
20022997
20023051
20023103
20023180
20023182
20023206
20023254
20023441
20023727
20023800
20023906
20024142
20024302
20024356
20024379
20024428
20024457
20024660
20024680
20024805
20024811
20025112
20025116
20025154
20025234
20025349
20025512
20025580
20025608
20025623
20025629
20025861
20025891
20025903
20026131
20026230
20026330
20026373
20026585
20026664
20026708
20026719
20026818
20026972
20027115
20027133
20027206
20027264
20027303
20027440
20027520
20027702
20027717
20027730
20027815
20027904
20028014
20028306
20028488
20028537
20028807
20028813
20028942
20029273
20029375
20029520
20029542
20029591
20029848
20030159
20030228
20030243
20030333
20030485
20030743
20030800
20030810
20030835
20030897
20030973
20030989
20031004
20031208
20031303
20031427
20031430
20031435
20031509
20031520
20031607
20031679
20031818
20031954
20032031
20032133
20032138
20032235
20032314
20032445
20032581
20032599
20032622
20032666
20032729
20032852
20032863
20032899
20032976
20033070
20033265
20033398
20033457
20033696
20033729
20033749
20033769
20034082
20034178
20034221
20034338
20034364
20034409
20034618
20034805
20035135
20038926
20039289
20039305
20039405
20040637
20040675
20040709
20040856
20040892
20040929
20041063
20041104
20041141
20041304
20041340
20041364
20041373
20041421
20041788
20041808
20041854
20041971
20042022
20042073
20042260
20042263
20042271
20042273
20042312
20042318
20042319
20042342
20042378
20042481
20042484
20042565
20042577
20042578
20042605
20042667
20042739
20042778
20042790
20042885
20042973
20043125
20043180
20043257
20043258
20043275
20043284
20043409
20043544
20043604
20043718
20043931
20044031
20044070
20044102
20044148
20044170
20044187
20044221
20044318
20044412
20044432
20044478
20044575
20044882
20045107
20045247
20045345
20045372
20045698
20045936
20046144
20046224
20046228
20046254
20046466
20046561
20046752
20046878
20047162
20047251
20047271
20047285
20047309
20047453
20047595
20047608
20047801
20047859
20047870
20048217
20048233
20048475
20048699
20048788
20049006
20049102
20049177
20049310
20049765
20049789
20049955
20049961
20050163
20050322
20050430
20050786
20050900
20051030
20051080
20051181
20051739
20051788
20051914
20051928
20052069
20052125
20052199
20052433
20052666
20052961
20053162
20053183
20053258
20053420
20053659
20053932
20054238
20054344
20054352
20054488
20054569
20054650
20054741
20054803
20055040
20055136
20055683
20058168
20058495
20058591
20058694
20058821
20059051
20059304
20059514
20059653
20059831
20059940
20060027
20060181
20060214
20060287
20060579
20060614
20060903
20061032
20061098
20061113
20061154
20061224
20061319
20061321
20061503
20061508
20061557
20061577
20061635
20061736
20062152
20062178
20062183
20062683
20062891
20062956
20062996
20063081
20063170
20063236
20063388
20063428
20063467
20063501
20063693
20063739
20063925
20063950
20064027
20064058
20064574
20064594
20064663
20064693
20065652
20065846
20066048
20066119
20066142
20066196
20066340
20066423
20066502
20066538
20066585
20066620
20066721
20066826
20066841
20066908
20067110
20067164
20067216
20067221
20067287
20067743
20067779
20067978
20068075
20068189
20068322
20068543
20068555
20068603
20068605
20069133
20069177
20069209
20069319
20069609
20069715
20069778
20069818
20069864
20069989
20070246
20070320
20070416
20070616
20071166
20071766
20071975
20072004
20072060
20072127
20072191
20072508
20072551
20072563
20072627
20072657
20073366
20073785
20074102
20074426
20074698
20076895
20077290
20077752
20077879
20079258
20079379
20079580
20079611
20079687
20080026
20080088
20080163
20080201
20080231
20080266
20080401
20080540
20080647
20080659
20080684
20080977
20081006
20081007
20081102
20081126
20081186
20081270
20081394
20081402
20081454
20081508
20081509
20081724
20081770
20081849
20081952
20082221
20082265
20082465
20082716
20082750
20082952
20083061
20083146
20083287
20083709
20083728
20083840
20083874
20083877
20083929
20084045
20084073
20084219
20084312
20084485
20084626
20084809
20084944
20085079
20085106
20085339
20085638
20085646
20085688
20085708
20085753
20085775
20085816
20086028
20086121
20086332
20086375
20086449
20086569
20086626
20086715
20087139
20087375
20087387
20087450
20087549
20088007
20088040
20088060
20088171
20088264
20088536
20088787
20088836
20089051
20089199
20089270
20089504
20089513
20089832
20089890
20090061
20090140
20090234
20090269
20090276
20090287
20090305
20090477
20090501
20090540
20090855
20091366
20091998
20092075
20092212
20092511
20092536
20092560
20092619
20092707
20092804
20093382
20095192
20096720
20096759
20096793
20096897
20097102
20097421
20097595
20097691
20097734
20097791
20097917
20097975
20098313
20098459
20098550
20099337
20101138
20102436
20102609
20103085
20103389
20103441
20103610
20105208
20106210
20107146
20108300
20110595
20111025
20111187
20111221
20111523
20112444
20112686
20112736
20112852
20113130
20113285
20113360
20113942
20113961
20115215
20115250
20115385
20115397
20115747
20115848
20115876
20115907
20115960
20116210
20116217
20116222
20116471
20116483
20116598
20116618
20116646
20116834
20117297
20117736
20117897
20118151
20118255
20118314
20118384
20118437
20118716
20118804
20118851
20118920
20118932
20119011
20119252
20119260
20119268
20119618
20119670
20119683
20119738
20119958
20120419
20120439
20120516
20120729
20120846
20120893
20120971
20121017
20121039
20121075
20121171
20121897
20121978
20122045
20123260
20123296
20123878
20124171
20124263
20125837
20126266
20128235
20128356
20128499
20128523
20128720
20128734
20128773
20128806
20128977
20128994
20129034
20129168
20129316
20129318
20129398
20129607
20129630
20129645
20129747
20129835
20129863
20129895
20129998
20130011
20130292
20130347
20130519
20130653
20130826
20130965
20130992
20131158
20131177
20131294
20131386
20131394
20131402
20131764
20131798
20131834
20131860
20132057
20132264
20132312
20132334
20132378
20132392
20132493
20132506
20132513
20132542
20132582
20132929
20133079
20133457
20133559
20133729
20133921
20134308
20134375
20134503
20134541
20134722
20134732
20134898
20134899
20135100
20135133
20135807
20135914
20135942
20136036
20136168
20136180
20136201
20137021
20137064
20137174
20137342
20137506
20137516
20137520
20137612
20138083
20141612
20142268
20142492
20142774
20143125
20144084
