Tempo gasto: 58 milisegundos para ordenar 4000 elementos


19716014
19716029
19716073
19716305
19716330
19716375
19716376
19716385
19716424
19716474
19716484
19716496
19716501
19716626
19716666
19716722
19716872
19716905
19716926
19716955
19717009
19717066
19717109
19717134
19717141
19717174
19717249
19717258
19717280
19717286
19717336
19717340
19717363
19717533
19717572
19717632
19717689
19717723
19717741
19717750
19717905
19717918
19718103
19718151
19718204
19718229
19718290
19718329
19718523
19718767
19718840
19718854
19718943
19718951
19718993
19719009
19719034
19719080
19719126
19719232
19719617
19719759
19719862
19720126
19720184
19720270
19720342
19720458
19720565
19720613
19720782
19720832
19720871
19720877
19720907
19720961
19721036
19721291
19721304
19721338
19721441
19721535
19721584
19721906
19722207
19722565
19722876
19723074
19723168
19723206
19723208
19723249
19723291
19723333
19723351
19723384
19723421
19723426
19723440
19723699
19723776
19723803
19723855
19723888
19724436
19724699
19724738
19724792
19724827
19724830
19724870
19724975
19725079
19725100
19725244
19725248
19725301
19725328
19725364
19725383
19725452
19725593
19725668
19725782
19725892
19725897
19725919
19725971
19725985
19726028
19726067
19726180
19726196
19726366
19726471
19726689
19726710
19726716
19726975
19727156
19727273
19727402
19727429
19727434
19727527
19727602
19727634
19727765
19727798
19727929
19727946
19727967
19728027
19728092
19728214
19728294
19728309
19728425
19728476
19728487
19728595
19728599
19728642
19728688
19728745
19728828
19728929
19729010
19729034
19729157
19729219
19729232
19729456
19729805
19729892
19729907
19729961
19730080
19730174
19730428
19730536
19730572
19730929
19730934
19730998
19731018
19731027
19731069
19731097
19731120
19731178
19731190
19731248
19731249
19731257
19731296
19731306
19731385
19731405
19731501
19731720
19731768
19731843
19731996
19732030
19732207
19732330
19732482
19732547
19732558
19732659
19732713
19732885
19732967
19732972
19733043
19733069
19733143
19733220
19733542
19733583
19733638
19733847
19733889
19734117
19734144
19734162
19734173
19734231
19734293
19734360
19734409
19734451
19734492
19734792
19734852
19734940
19734971
19735135
19735281
19735315
19735420
19735426
19735430
19735513
19735873
19735907
19735993
19736025
19736069
19736223
19736368
19736394
19736535
19736603
19736798
19736890
19736947
19736961
19736984
19737014
19737116
19737132
19737173
19737184
19737192
19737362
19737449
19737479
19737484
19737908
19737981
19738148
19738170
19738203
19738250
19738289
19738293
19738695
19738739
19738799
19738987
19739059
19739273
19739306
19739438
19739647
19739890
19740039
19740283
19740314
19740340
19740414
19740540
19740541
19740572
19740592
19740704
19740714
19740725
19740806
19740812
19741162
19741262
19741264
19741323
19741324
19741565
19741577
19741628
19741650
19741785
19741822
19741996
19742064
19742208
19742286
19742452
19742548
19742714
19742745
19742746
19742816
19742822
19742946
19743036
19743058
19743087
19743248
19743260
19743272
19743324
19743334
19743395
19743482
19743606
19743618
19743657
19743673
19743793
19743844
19743862
19743912
19743925
19743941
19743964
19744028
19744056
19744076
19744077
19744093
19744155
19744235
19744242
19744311
19744330
19744444
19744462
19744491
19744495
19744503
19744518
19744547
19744647
19744649
19744660
19744691
19744807
19744828
19744906
19745058
19745146
19745207
19745231
19745284
19745383
19745476
19745478
19745495
19745541
19745711
19745716
19745777
19745877
19745929
19745952
19746089
19746135
19746145
19746166
19746199
19746217
19746242
19746280
19746440
19746467
19746480
19746513
19746533
19746652
19746748
19746779
19746782
19746804
19747017
19747045
19747187
19747278
19747300
19747392
19747464
19747595
19747701
19747754
19747782
19747909
19747940
19748039
19748067
19748280
19748304
19748403
19748431
19748517
19748535
19748553
19748569
19748582
19748665
19748720
19748731
19748760
19748775
19748841
19748900
19748977
19749039
19749045
19749207
19749232
19749317
19749379
19749391
19749413
19749431
19749470
19749554
19749567
19749585
19749672
19749683
19749760
19749799
19749927
19749954
19749975
19750031
19750084
19750088
19750240
19750518
19750692
19750749
19750868
19750905
19751053
19751140
19751148
19751171
19751205
19751219
19751241
19751244
19751376
19751420
19751549
19751573
19752182
19752276
19752331
19752415
19752446
19752464
19752474
19752484
19752498
19752577
19752849
19752913
19752970
19753019
19753586
19753607
19754083
19754459
19754505
19754520
19754662
19754762
19754774
19754987
19755084
19755245
19755301
19755370
19755428
19755450
19755546
19755618
19755723
19755768
19755794
19755876
19755889
19755960
19756013
19756053
19756155
19756166
19756516
19756524
19756544
19756641
19756643
19756741
19756786
19756930
19756968
19756979
19757138
19757197
19757328
19757415
19757423
19757438
19757515
19757705
19757717
19757786
19757788
19757804
19757817
19757928
19757981
19757990
19758006
19758008
19758046
19758192
19758280
19758392
19758402
19758460
19758485
19758500
19758530
19758559
19758567
19758673
19758750
19758755
19758768
19758799
19758864
19758909
19758940
19758952
19758997
19759060
19759169
19759172
19759232
19759315
19759450
19759492
19759511
19759546
19759718
19759739
19759794
19759852
19759869
19759875
19759916
19759917
19760008
19760038
19760103
19760117
19760144
19760163
19760175
19760204
19760247
19760267
19760269
19760361
19760402
19760417
19760462
19760581
19760612
19760617
19760621
19760715
19760719
19760746
19760779
19760845
19760900
19760937
19760970
19760994
19761056
19761194
19761259
19761303
19761310
19761315
19761335
19761338
19761465
19761597
19761602
19761682
19761716
19761730
19761734
19761887
19761995
19762102
19762111
19762130
19762154
19762173
19762225
19762247
19762252
19762267
19762304
19762414
19762436
19762561
19762566
19762569
19762612
19762617
19762625
19762631
19762680
19762772
19762782
19762816
19762850
19762901
19762952
19763012
19763122
19763147
19763210
19763258
19763276
19763298
19763382
19763406
19763436
19763459
19763552
19763574
19763608
19763643
19763657
19763707
19763730
19763740
19763838
19763899
19763927
19763934
19763943
19763974
19764054
19764097
19764136
19764204
19764243
19764273
19764336
19764356
19764690
19764711
19764747
19764767
19764777
19764824
19765121
19765157
19765331
19765340
19765350
19765461
19765558
19765671
19765773
19765839
19765884
19765897
19765961
19766016
19766032
19766056
19766095
19766099
19766251
19766312
19766327
19766337
19766387
19766456
19766462
19766513
19766537
19766575
19766616
19766635
19766636
19766690
19766791
19766824
19766852
19766925
19766978
19767215
19767258
19767282
19767346
19767368
19767372
19767430
19767452
19767472
19767559
19767664
19767688
19767924
19768107
19768115
19768219
19768282
19768437
19768454
19768670
19768713
19768762
19768829
19768882
19769013
19769017
19769057
19769373
19769671
19769680
19769783
19769912
19770103
19770235
19770285
19770297
19770313
19770365
19770847
19770980
19771192
19771967
19772194
19772222
19772245
19772332
19772467
19772714
19772734
19772779
19772785
19772850
19773006
19773130
19773281
19773291
19773301
19773657
19773787
19773857
19773880
19773985
19774008
19774037
19774165
19774252
19774346
19774537
19774544
19774550
19774554
19774594
19774692
19774702
19774710
19774764
19774890
19774893
19774916
19775084
19775115
19775134
19775141
19775173
19775206
19775292
19775340
19775380
19775391
19775520
19775523
19775589
19775663
19775689
19775715
19775753
19775807
19775812
19775903
19775949
19775950
19775952
19775998
19776046
19776150
19776151
19776217
19776240
19776537
19776625
19776720
19776846
19776883
19776893
19776905
19777078
19777217
19777288
19777328
19777412
19777504
19777522
19777571
19777580
19777584
19777612
19777668
19777707
19777746
19777905
19778102
19778260
19778264
19778647
19778687
19778701
19778774
19778812
19778914
19779043
19779077
19779098
19779215
19779217
19779313
19779371
19779385
19779540
19779613
19779637
19779699
19779749
19779795
19780051
19780093
19780216
19780239
19780503
19780635
19780646
19780690
19780755
19780901
19780937
19780953
19780958
19781001
19781045
19781081
19781201
19781275
19781391
19781397
19781423
19781480
19781504
19781588
19781971
19782084
19782119
19782211
19782234
19782320
19782367
19782423
19782520
19782707
19782797
19782818
19782939
19783023
19783043
19783168
19783454
19783642
19783663
19783691
19783788
19783858
19783904
19784034
19784178
19784228
19784269
19784277
19784343
19784355
19784365
19784388
19784406
19784492
19784539
19784548
19784585
19784717
19784817
19784833
19784887
19784973
19785015
19785061
19785071
19785083
19785210
19785259
19785416
19785458
19785460
19785524
19785625
19785640
19785655
19785676
19785679
19785737
19785741
19785820
19785854
19785866
19785875
19785926
19785942
19785953
19786115
19786116
19786228
19786240
19786301
19786302
19786312
19786366
19786465
19786471
19786546
19786549
19786628
19786654
19786687
19786737
19786757
19786775
19786915
19786956
19787062
19787165
19787558
19787604
19787716
19787770
19787885
19787930
19788005
19788036
19788051
19788202
19788213
19788240
19788253
19788316
19788337
19788473
19788565
19788577
19788581
19788614
19788672
19788952
19788956
19788957
19788976
19788993
19789027
19789039
19789067
19789302
19789369
19789618
19789620
19789665
19789677
19789802
19789861
19789878
19789964
19790011
19790344
19790547
19790551
19790565
19790601
19790690
19791624
19791739
19791865
19791922
19791924
19792272
19792294
19792349
19792354
19792466
19792605
19792746
19793185
19793191
19793210
19793217
19793242
19793446
19793631
19793707
19793770
19793843
19793878
19793880
19793924
19794193
19794316
19794495
19794648
19795001
19795057
19795160
19795175
19795189
19795225
19795275
19795292
19795321
19795354
19795533
19795542
19795646
19795698
19795701
19795796
19795854
19795879
19795939
19796081
19796115
19796127
19796138
19796151
19796246
19796360
19796399
19796469
19796535
19796587
19796590
19796683
19796746
19796857
19796882
19796891
19796970
19797033
19797061
19797113
19797273
19797404
19797418
19797428
19797445
19797495
19797515
19797560
19797600
19797638
19797736
19797868
19798382
19798561
19798574
19798577
19798645
19798715
19798780
19798810
19798819
19798849
19798857
19798952
19799027
19799210
19799221
19799329
19799335
19799489
19799525
19799754
19799757
19799857
19799947
19799964
19800066
19800074
19800098
19800207
19800250
19800326
19800361
19800400
19800416
19800505
19800566
19800709
19800814
19800830
19800841
19801033
19801110
19801114
19801134
19801154
19801201
19801310
19801367
19801394
19801466
19801474
19801493
19801599
19801605
19801852
19801869
19801896
19801956
19801984
19802094
19802173
19802176
19802239
19802577
19802734
19802824
19802840
19802932
19802994
19803002
19803068
19803101
19803138
19803150
19803197
19803208
19803218
19803277
19803362
19803404
19803428
19803462
19803515
19803665
19803702
19803746
19803775
19803798
19803917
19803929
19803951
19804113
19804147
19804231
19804233
19804388
19804413
19804458
19804496
19804501
19804571
19804577
19804599
19804655
19804693
19804711
19804935
19804954
19804977
19805044
19805091
19805164
19805212
19805254
19805265
19805438
19805513
19805582
19805603
19805716
19805732
19805748
19805848
19805905
19805926
19805940
19805964
19806015
19806088
19806105
19806134
19806225
19806268
19806293
19806304
19806377
19806449
19806569
19806576
19806863
19806884
19806903
19806980
19807035
19807056
19807093
19807132
19807151
19807348
19807435
19807445
19807466
19807484
19807652
19807710
19807721
19807800
19807804
19807805
19807874
19807938
19808123
19808140
19808201
19808259
19808300
19808349
19808404
19808439
19808493
19808508
19808511
19808524
19808529
19808530
19808541
19808834
19808904
19808938
19809056
19809138
19809145
19809175
19809248
19809264
19809273
19809604
19809607
19810585
19811020
19811196
19811442
19811488
19811581
19811587
19811615
19811765
19811930
19811950
19812026
19812097
19812298
19812427
19812493
19812625
19812715
19813348
19813387
19813530
19813734
19813895
19813926
19814007
19814107
19814216
19814324
19814487
19814560
19814573
19814589
19814634
19814789
19814814
19814846
19814945
19815029
19815034
19815072
19815093
19815149
19815251
19815300
19815310
19815455
19815508
19815527
19815702
19815736
19815747
19815815
19815841
19815971
19815975
19816006
19816031
19816095
19816138
19816237
19816274
19816301
19816529
19816617
19816715
19816843
19816856
19816857
19816895
19816917
19817001
19817047
19817080
19817224
19817389
19817510
19817529
19817625
19817705
19817709
19817730
19817762
19817788
19817911
19818151
19818248
19818268
19818393
19818405
19818444
19818449
19818460
19818594
19818637
19818671
19818693
19818748
19818855
19819168
19819232
19819278
19819303
19819352
19819478
19819507
19819539
19819626
19819689
19819910
19819919
19819972
19820031
19820038
19820044
19820114
19820146
19820148
19820188
19820259
19820333
19820337
19820571
19820654
19820747
19820778
19820884
19820905
19820943
19820958
19820972
19821045
19821049
19821160
19821206
19821250
19821318
19821336
19821398
19821527
19821551
19821565
19821690
19821692
19821749
19821768
19821794
19822097
19822134
19822143
19822147
19822170
19822230
19822280
19822453
19822532
19822614
19822750
19822958
19822967
19822994
19823069
19823163
19823304
19823407
19823445
19823520
19823616
19823662
19823687
19823771
19823889
19823964
19824080
19824097
19824353
19824375
19824382
19824435
19824500
19824509
19824528
19824554
19824777
19824825
19824993
19825015
19825018
19825050
19825152
19825276
19825281
19825418
19825552
19825573
19825578
19825589
19825834
19826011
19826068
19826234
19826378
19826428
19826464
19826489
19826574
19826585
19826601
19826605
19826630
19826631
19826675
19826685
19826700
19826917
19826980
19826982
19827044
19827210
19827401
19827502
19827565
19827594
19827659
19827717
19827721
19827778
19827832
19827974
19827975
19828045
19828065
19828100
19828151
19828179
19828183
19828255
19828297
19828303
19828442
19828534
19828921
19828998
19829060
19829139
19829143
19829147
19829215
19829243
19829454
19829503
19829773
19829787
19829836
19829879
19830121
19830393
19830420
19830538
19830557
19830687
19830738
19831057
19831458
19831764
19831982
19832193
19832204
19833001
19833196
19833300
19833311
19833610
19833734
19833763
19833845
19833918
19834165
19834318
19834415
19834519
19834602
19834734
19834761
19834847
19834882
19834911
19834975
19834978
19834997
19835014
19835164
19835246
19835432
19835459
19835552
19835599
19835924
19835980
19836163
19836179
19836266
19836525
19836550
19836552
19836759
19836772
19836844
19836884
19836944
19836986
19837057
19837086
19837156
19837203
19837207
19837277
19837551
19837615
19837852
19837893
19837975
19838046
19838217
19838227
19838263
19838355
19838373
19838387
19838471
19838474
19838479
19838491
19838695
19838840
19838917
19838966
19839225
19839283
19839317
19839319
19839379
19839489
19839504
19839524
19839740
19839770
19839841
19839850
19839898
19840047
19840115
19840424
19840515
19840598
19840980
19841030
19841797
19841828
19841872
19842029
19842085
19842240
19842324
19842336
19842369
19842451
19842696
19842766
19842820
19842834
19842971
19843154
19843278
19843339
19843384
19843492
19843512
19844035
19844113
19844119
19844177
19844247
19844251
19844417
19844499
19844618
19844658
19844860
19844988
19845083
19845214
19845373
19845502
19845554
19845563
19845614
19845636
19845725
19845765
19845982
19846222
19846390
19846410
19846415
19846531
19846668
19846863
19847021
19847031
19847065
19847087
19847094
19847243
19847831
19848103
19848191
19848348
19848373
19848684
19848752
19848778
19849345
19849887
19850309
19850536
19850540
19850552
19850589
19850731
19850736
19850849
19850884
19851008
19851136
19851192
19851279
19851286
19851367
19851387
19851439
19851519
19851551
19851574
19851634
19851648
19851706
19851822
19851845
19851979
19851998
19852068
19852069
19852088
19852119
19852386
19852451
19852457
19852578
19852639
19852945
19853014
19853071
19853165
19853190
19853298
19853348
19853502
19853531
19853555
19853572
19853712
19853717
19854019
19854076
19854359
19854407
19854468
19854546
19854604
19854628
19854680
19854692
19854750
19854776
19854832
19854893
19854935
19855001
19855307
19855345
19855401
19855436
19855678
19855804
19855826
19855891
19855968
19855989
19856053
19856135
19856180
19856200
19856337
19856359
19856436
19856452
19856474
19856640
19856835
19856918
19856919
19856924
19857115
19857118
19857217
19857222
19857358
19857420
19857511
19857520
19857580
19857613
19857633
19857675
19857776
19857832
19857887
19858028
19858046
19858050
19858081
19858082
19858230
19858334
19858537
19858581
19858827
19858875
19859016
19859263
19859314
19859432
19859513
19859542
19859553
19859574
19859586
19859597
19859598
19859716
19859762
19859932
19860237
19860285
19860347
19860388
19860439
19860451
19860507
19860574
19860614
19860666
19860737
19860903
19861088
19861140
19861213
19861540
19861583
19861591
19861657
19861740
19861761
19861827
19861915
19862190
19862345
19862537
19862635
19862892
19863342
19863389
19863565
19863847
19864287
19864595
19865000
19865260
19865338
19865464
19865492
19865806
19866000
19866050
19866343
19866482
19866531
19866571
19866595
19866667
19866742
19866781
19867063
19867163
19867182
19867260
19867300
19867528
19867619
19867669
19867739
19867872
19867903
19867954
19867981
19868012
19868084
19868206
19868301
19868456
19868597
19868764
19868803
19868823
19868885
19869080
19869286
19869428
19869478
19869550
19869631
19869679
19869694
19869805
19869809
19869957
19870162
19870179
19870205
19870229
19870327
19870714
19870717
19870937
19870974
19871071
19871134
19871244
19871259
19871310
19871334
19871349
19871439
19871473
19871503
19871557
19871605
19871931
19871999
19872069
19872366
19872546
19872622
19872667
19872896
19873106
19873140
19873514
19873523
19873547
19873612
19873677
19873813
19873887
19874046
19874124
19874345
19874540
19874553
19874788
19874922
19874943
19875016
19875063
19875107
19875442
19875606
19875609
19875654
19875678
19875785
19875957
19875962
19875969
19876216
19876247
19876254
19879643
19879685
19879888
19879984
19880006
19880019
19880326
19880408
19880410
19880674
19880679
19880755
19880810
19880988
19881143
19881215
19881216
19881264
19881342
19881472
19881550
19881551
19881586
19881615
19881733
19881785
19881912
19881989
19882040
19882083
19882115
19882119
19882126
19882175
19882193
19882303
19882323
19882369
19882406
19882527
19882528
19882558
19882667
19882669
19882941
19883177
19883408
19883486
19883602
19883672
19883756
19883868
19883874
19883984
19884177
19884309
19884330
19884331
19884412
19884471
19884589
19885041
19885202
19885258
19885270
19885279
19885433
19885443
19885503
19885507
19885693
19885706
19885797
19885826
19886091
19886147
19886151
19886168
19886426
19886552
19886730
19886740
19886833
19886858
19886909
19886937
19886958
19886965
19887011
19887022
19887036
19887078
19887137
19887211
19887411
19887610
19887866
19887871
19888051
19888077
19888186
19888194
19888198
19888204
19888266
19888271
19888530
19888542
19888587
19888647
19888793
19888892
19889068
19889126
19889136
19889206
19889227
19889307
19889352
19889370
19889382
19889488
19889524
19889525
19889647
19889654
19889740
19889758
19890017
19890180
19890211
19890239
19890305
19890408
19890419
19890507
19890516
19890574
19890644
19890715
19890718
19891054
19891109
19891395
19891551
19892059
19894232
19895159
19895275
19895434
19895784
19896133
19896212
19896335
19896377
19896463
19896542
19896604
19896818
19896829
19897088
19897151
19897191
19897232
19897325
19897342
19897388
19897450
19897540
19897741
19897760
19897772
19897907
19897971
19897983
19898079
19898124
19898165
19898489
19898528
19898529
19898657
19898686
19898735
19898784
19899184
19899250
19899480
19899521
19899727
19899736
19899907
19899950
19899952
19899968
19900016
19900022
19900086
19900096
19900110
19900144
19900194
19900220
19900268
19900306
19900327
19900373
19900414
19900485
19900530
19900542
19900593
19900664
19900799
19900886
19900939
19900964
19900988
19901041
19901088
19901210
19901235
19901255
19901267
19901362
19901481
19901575
19901675
19901724
19901757
19901853
19901869
19901912
19902301
19902458
19902724
19902733
19902815
19902952
19903094
19903109
19903178
19903359
19903367
19903633
19903781
19903789
19903835
19903843
19903928
19903973
19904045
19904052
19904076
19904121
19904176
19904384
19904414
19904491
19904926
19905079
19905125
19905295
19905398
19905440
19905695
19905853
19905891
19905944
19906009
19906077
19906190
19906200
19906469
19906640
19906709
19906747
19906805
19906931
19907060
19907267
19907460
19907519
19907624
19907651
19907704
19907734
19907835
19907836
19907872
19907906
19907932
19908011
19908147
19908193
19908235
19908294
19908302
19908347
19908390
19908492
19908515
19908581
19908604
19908661
19908693
19908777
19908814
19908838
19908853
19908988
19909023
19909086
19909118
19909140
19909241
19909371
19909481
19909559
19909630
19909740
19909790
19909794
19909806
19909881
19909939
19909999
19910047
19910075
19910141
19910286
19910385
19910699
19910792
19910858
19911006
19911067
19911151
19911379
19911436
19911749
19912217
19913327
19914374
19915245
19915364
19915438
19915562
19915582
19915758
19915838
19915970
19916092
19916303
19916497
19916718
19916919
19916999
19917132
19917239
19917250
19917299
19917347
19917488
19917739
19917805
19917824
19918060
19918090
19918308
19918369
19918404
19918615
19918695
19918702
19918832
19918879
19918967
19918971
19918988
19919086
19919153
19919322
19919532
19919687
19919714
19919762
19919983
19920014
19920081
19920109
19920170
19920181
19920192
19920443
19920463
19920605
19920874
19920883
19921016
19921246
19921269
19921283
19921343
19921415
19921484
19921539
19921695
19921735
19921913
19922019
19922078
19922149
19922231
19922247
19922348
19922356
19922362
19922532
19922556
19922647
19922685
19922852
19922878
19923051
19923205
19923369
19923419
19923429
19923483
19923504
19923551
19923619
19923661
19923849
19923888
19923964
19923979
19923981
19924077
19924141
19924252
19924357
19924574
19924903
19924923
19924937
19924953
19925002
19925057
19925144
19925275
19925582
19925618
19925831
19925834
19925870
19925937
19925944
19926268
19926272
19926414
19926483
19926530
19926625
19926752
19926784
19926800
19927088
19927092
19927104
19927125
19927424
19927479
19927537
19927627
19927762
19927884
19928119
19928145
19928198
19928256
19928361
19928397
19928467
19928499
19928505
19928534
19928537
19928707
19928796
19928810
19928821
19929215
19929385
19929557
19929564
19929669
19929697
19929699
19929842
19929905
19929915
19929938
19930056
19930163
19930269
19930467
19930474
19930619
19930723
19930726
19931183
19931573
19931797
19932553
19934118
19934174
19934328
19935013
19935140
19935234
19935633
19935867
19935925
19936172
19936333
19936379
19936609
19936625
19936649
19936966
19937007
19937234
19937253
19937309
19937325
19937410
19937475
19937506
19937577
19937678
19937749
19937778
19937788
19937851
19937867
19937872
19937996
19937997
19938061
19938196
19938203
19938244
19938393
19938399
19938460
19938479
19938599
19938647
19938702
19938760
19938775
19938783
19938861
19938977
19938984
19939581
19939658
19939752
19939816
19939834
19939853
19939963
19940260
19940304
19940401
19940417
19940449
19940493
19940526
19940602
19940612
19940642
19940651
19940692
19940711
19940728
19940733
19940741
19940755
19940870
19941116
19941179
19941180
19941394
19941431
19941506
19941632
19941698
19941754
19942155
19942170
19942174
19942516
19942587
19942674
19942679
19942768
19942930
19942957
19942988
19943073
19943084
19943361
19943550
19943662
19943676
19943677
19943682
19943938
19943972
19944017
19944055
19944071
19944091
19944221
19944222
19944275
19944341
19944496
19944593
19944617
19944629
19944673
19944741
19944780
19944801
19944903
19945085
19945310
19945697
19945702
19945947
19945950
19946206
19946207
19946365
19946853
19947138
19947324
19947354
19947357
19947372
19947481
19947553
19947555
19947695
19947789
19947904
19948072
19948084
19948108
19948115
19948491
19948893
19948912
19949111
19949387
19949421
19949580
19949651
19949775
19949843
19949852
19950299
19950388
19950629
19950816
19950879
19952720
19954090
19954140
19954378
19954870
19954905
19955073
19955371
19955433
19955472
19955572
19955651
19955703
19955759
19955789
19955846
19955878
19955987
19956095
19956188
19956264
19956280
19956428
19956448
19956465
19956523
19956695
19956719
19956885
19957048
19957078
19957085
19957213
19957221
19957235
19957300
19957373
19957425
19957429
19957455
19957474
19957545
19957587
19957594
19957595
19957596
19957637
19957775
19958015
19958075
19958153
19958182
19958193
19958266
19958300
19958304
19958309
19958770
19958825
19958839
19958867
19958926
19958942
19958983
19959052
19959062
19959187
19959326
19959430
19959445
19959675
19959689
19959738
19959824
19959970
19959996
19960032
19960051
19960164
19960226
19960565
19960901
19960905
19960920
19960964
19961099
19961150
19961711
19961947
19962126
19962543
19963011
19963222
19963343
19963466
19963496
19963539
19963824
19963935
19964010
19964037
19964049
19964176
19964198
19964280
19964409
19964446
19964561
19964983
19964988
19965094
19965277
19965282
19965479
19965627
19965709
19965749
19965846
19965952
19966056
19966107
19966213
19966439
19966489
19966506
19966514
19966569
19966600
19966619
19966678
19966768
19967039
19967073
19967131
19967211
19967220
19967455
19967561
19967773
19968096
19968200
19968227
19968836
19968912
19968914
19969058
19969503
19969862
19970766
19971648
19972250
19972417
19972689
19972720
19973338
19973351
19973382
19973438
19973469
19973499
19973858
19973923
19973925
19973956
19974149
19974251
19974401
19974437
19974461
19974616
19974698
19974887
19974892
19974908
19974916
19974963
19974989
19975035
19975065
19975080
19975166
19975182
19975220
19975256
19975257
19975294
19975443
19975489
19975532
19975568
19975656
19975695
19975753
19975789
19975890
19976000
19976028
19976064
19976191
19976202
19976263
19976275
19976335
19976452
19976565
19976619
19976621
19976722
19976955
19976981
19977097
19977192
19977279
19977413
19977562
19977599
19977609
19977655
19977697
19977849
19978012
19978121
19978179
19978181
19978209
19978529
19978532
19978566
19978677
19978680
19978721
19978735
19979008
19979277
19979334
19979364
19979517
19979587
19979708
19979987
19980094
19980139
19980412
19980476
19980624
19981047
19981295
19981325
19981362
19981859
19982001
19982101
19982141
19982378
19982475
19982540
19982612
19982613
19982676
19982685
19983006
19983043
19983080
19983093
19983158
19983276
19983538
19983659
19983777
19983939
19983965
19984244
19984304
19985071
19985086
19985121
19985204
19985332
19985508
19988573
19988742
19988959
19988960
19989155
19989178
19989282
19989560
19989875
19989894
19989899
19989911
19989983
19989985
19990129
19990349
19990536
19990592
19990625
19990765
19990767
19990788
19990825
19990911
19990941
19990943
19990981
19991055
19991108
19991198
19991223
19991266
19991277
19991344
19991438
19991450
19991601
19991645
19991799
19991848
19991858
19991903
19991994
19992025
19992043
19992072
19992140
19992160
19992161
19992169
19992212
19992221
19992243
19992266
19992280
19992373
19992473
19992549
19992865
19992948
19992954
19992991
19992996
19993044
19993125
19993186
19993221
19993233
19993505
19993623
19993830
19993902
19993991
19994098
19994118
19994129
19994272
19994317
19994420
19994465
19994515
19994516
19994541
19994600
19994648
19994665
19994686
19994746
19994829
19994887
19994890
19994952
19995005
19995055
19995134
19995229
19995314
19995329
19995371
19995474
19995748
19995815
19995832
19996073
19996479
19996515
19996530
19996828
19997293
19997473
19997689
19997781
19997909
19997937
19998081
19998098
19998262
19998466
19998701
19998730
19998840
19999277
20001833
20001924
20001930
20002348
20002359
20002529
20002692
20002951
20002971
20003839
20003881
20003897
20004036
20004129
20004209
20004411
20004492
20004531
20004601
20004619
20004651
20004700
20005029
20005049
20005109
20005112
20005285
20005307
20005367
20005417
20005424
20005430
20005431
20005434
20005472
20005484
20005603
20005607
20005702
20005734
20005760
20005884
20005885
20006098
20006162
20006466
20006533
20006546
20006561
20006623
20006639
20006653
20006665
20006744
20006805
20006949
20006965
20007028
20007085
20007131
20007189
20007250
20007307
20007405
20007673
20007754
20007821
20007876
20007891
20007897
20007952
20007960
20007982
20008125
20008430
20008476
20008510
20008539
20008610
20008905
20008945
20009004
20009066
20009180
20009259
20009264
20009326
20009351
20009454
20009464
20009498
20009719
20009784
20009839
20009882
20009946
20010058
20010191
20010269
20010530
20010601
20010681
20010726
20010730
20010783
20010791
20010864
20010869
20010893
20010951
20011041
20011092
20011166
20011261
20011273
20011345
20011357
20011497
20011526
20011589
20011633
20011635
20011660
20011743
20011761
20011862
20011867
20011944
20011999
20012034
20012261
20012404
20012615
20012634
20012669
20012727
20012786
20012816
20012906
20013040
20013152
20013345
20013354
20013530
20013574
20013962
20014034
20014221
20014272
20014316
20014730
20014816
20015533
20016689
20018037
20018335
20018378
20018626
20019155
20019239
20019406
20019502
20019590
20019621
20019627
20019989
20020025
20020190
20020198
20020256
20020316
20020343
20020392
20020408
20020595
20020692
20020751
20020769
20020833
20020901
20020905
20020907
20020913
20020988
20021176
20021241
20021294
20021318
20021468
20021477
20021496
20021728
20021787
20021821
20021849
20021898
20021904
20022170
20022214
20022250
20022333
20022379
20022568
20022607
20022639
20022643
20022711
20022716
20022732
20022744
20022778
20022813
20022945
20022980
20022997
20023051
20023103
20023180
20023182
20023206
20023254
20023441
20023727
20023800
20023906
20024142
20024302
20024356
20024379
20024428
20024457
20024660
20024680
20024805
20024811
20025112
20025116
20025154
20025234
20025349
20025512
20025580
20025608
20025623
20025629
20025861
20025891
20025903
20026131
20026230
20026330
20026373
20026585
20026664
20026708
20026719
20026818
20026972
20027115
20027133
20027206
20027264
20027303
20027440
20027520
20027702
20027717
20027730
20027815
20027904
20028014
20028306
20028488
20028537
20028807
20028813
20028942
20029273
20029375
20029520
20029542
20029591
20029848
20030159
20030228
20030243
20030333
20030485
20030743
20030800
20030810
20030835
20030897
20030973
20030989
20031004
20031208
20031303
20031427
20031430
20031435
20031509
20031520
20031607
20031679
20031818
20031954
20032031
20032133
20032138
20032235
20032314
20032445
20032581
20032599
20032622
20032666
20032729
20032852
20032863
20032899
20032976
20033070
20033265
20033398
20033457
20033696
20033729
20033749
20033769
20034082
20034178
20034221
20034338
20034364
20034409
20034618
20034805
20035135
20038926
20039289
20039305
20039405
20040637
20040675
20040709
20040856
20040892
20040929
20041063
20041104
20041141
20041304
20041340
20041364
20041373
20041421
20041788
20041808
20041854
20041971
20042022
20042073
20042260
20042263
20042271
20042273
20042312
20042318
20042319
20042342
20042378
20042481
20042484
20042565
20042577
20042578
20042605
20042667
20042739
20042778
20042790
20042885
20042973
20043125
20043180
20043257
20043258
20043275
20043284
20043409
20043544
20043604
20043718
20043931
20044031
20044070
20044102
20044148
20044170
20044187
20044221
20044318
20044412
20044432
20044478
20044575
20044882
20045107
20045247
20045345
20045372
20045698
20045936
20046144
20046224
20046228
20046254
20046466
20046561
20046752
20046878
20047162
20047251
20047271
20047285
20047309
20047453
20047595
20047608
20047801
20047859
20047870
20048217
20048233
20048475
20048699
20048788
20049006
20049102
20049177
20049310
20049765
20049789
20049955
20049961
20050163
20050322
20050430
20050786
20050900
20051030
20051080
20051181
20051739
20051788
20051914
20051928
20052069
20052125
20052199
20052433
20052666
20052961
20053162
20053183
20053258
20053420
20053659
20053932
20054238
20054344
20054352
20054488
20054569
20054650
20054741
20054803
20055040
20055136
20055683
20058168
20058495
20058591
20058694
20058821
20059051
20059304
20059514
20059653
20059831
20059940
20060027
20060181
20060214
20060287
20060579
20060614
20060903
20061032
20061098
20061113
20061154
20061224
20061319
20061321
20061503
20061508
20061557
20061577
20061635
20061736
20062152
20062178
20062183
20062683
20062891
20062956
20062996
20063081
20063170
20063236
20063388
20063428
20063467
20063501
20063693
20063739
20063925
20063950
20064027
20064058
20064574
20064594
20064663
20064693
20065652
20065846
20066048
20066119
20066142
20066196
20066340
20066423
20066502
20066538
20066585
20066620
20066721
20066826
20066841
20066908
20067110
20067164
20067216
20067221
20067287
20067743
20067779
20067978
20068075
20068189
20068322
20068543
20068555
20068603
20068605
20069133
20069177
20069209
20069319
20069609
20069715
20069778
20069818
20069864
20069989
20070246
20070320
20070416
20070616
20071166
20071766
20071975
20072004
20072060
20072127
20072191
20072508
20072551
20072563
20072627
20072657
20073366
20073785
20074102
20074426
20074698
20076895
20077290
20077752
20077879
20079258
20079379
20079580
20079611
20079687
20080026
20080088
20080163
20080201
20080231
20080266
20080401
20080540
20080647
20080659
20080684
20080977
20081006
20081007
20081102
20081126
20081186
20081270
20081394
20081402
20081454
20081508
20081509
20081724
20081770
20081849
20081952
20082221
20082265
20082465
20082716
20082750
20082952
20083061
20083146
20083287
20083709
20083728
20083840
20083874
20083877
20083929
20084045
20084073
20084219
20084312
20084485
20084626
20084809
20084944
20085079
20085106
20085339
20085638
20085646
20085688
20085708
20085753
20085775
20085816
20086028
20086121
20086332
20086375
20086449
20086569
20086626
20086715
20087139
20087375
20087387
20087450
20087549
20088007
20088040
20088060
20088171
20088264
20088536
20088787
20088836
20089051
20089199
20089270
20089504
20089513
20089832
20089890
20090061
20090140
20090234
20090269
20090276
20090287
20090305
20090477
20090501
20090540
20090855
20091366
20091998
20092075
20092212
20092511
20092536
20092560
20092619
20092707
20092804
20093382
20095192
20096720
20096759
20096793
20096897
20097102
20097421
20097595
20097691
20097734
20097791
20097917
20097975
20098313
20098459
20098550
20099337
20101138
20102436
20102609
20103085
20103389
20103441
20103610
20105208
20106210
20107146
20108300
20110595
20111025
20111187
20111221
20111523
20112444
20112686
20112736
20112852
20113130
20113285
20113360
20113942
20113961
20115215
20115250
20115385
20115397
20115747
20115848
20115876
20115907
20115960
20116210
20116217
20116222
20116471
20116483
20116598
20116618
20116646
20116834
20117297
20117736
20117897
20118151
20118255
20118314
20118384
20118437
20118716
20118804
20118851
20118920
20118932
20119011
20119252
20119260
20119268
20119618
20119670
20119683
20119738
20119958
20120419
20120439
20120516
20120729
20120846
20120893
20120971
20121017
20121039
20121075
20121171
20121897
20121978
20122045
20123260
20123296
20123878
20124171
20124263
20125837
20126266
20128235
20128356
20128499
20128523
20128720
20128734
20128773
20128806
20128977
20128994
20129034
20129168
20129316
20129318
20129398
20129607
20129630
20129645
20129747
20129835
20129863
20129895
20129998
20130011
20130292
20130347
20130519
20130653
20130826
20130965
20130992
20131158
20131177
20131294
20131386
20131394
20131402
20131764
20131798
20131834
20131860
20132057
20132264
20132312
20132334
20132378
20132392
20132493
20132506
20132513
20132542
20132582
20132929
20133079
20133457
20133559
20133729
20133921
20134308
20134375
20134503
20134541
20134722
20134732
20134898
20134899
20135100
20135133
20135807
20135914
20135942
20136036
20136168
20136180
20136201
20137021
20137064
20137174
20137342
20137506
20137516
20137520
20137612
20138083
20141612
20142268
20142492
20142774
20143125
20144084
