Tempo gasto: 70 milisegundos para ordenar 8000 elementos


2515
2525
2539
3330
3647
3831
4611
4886
4890
4989
5099
5136
5172
5178
5203
5238
5295
5317
5396
5435
5441
5803
5945
6602
6848
6990
7036
7097
7241
7322
7397
7748
7801
7816
7964
8024
8025
8110
8225
8343
8371
8477
8490
8522
9342
9357
9518
9668
9704
9783
9952
10010
10183
10267
10270
10423
10710
10774
10962
11170
11174
11213
11214
11265
11472
11610
11666
11708
11798
11848
11900
11943
12048
12192
12268
12299
12303
12318
12382
12579
12887
12937
12940
12970
13050
13076
13111
13121
13362
13380
13394
13552
13808
13974
14011
14264
14287
14290
14314
14322
14374
14377
14399
14435
14468
14694
14699
14708
14757
14845
14897
14941
15220
15239
15345
15383
15385
15729
15875
15944
15962
16076
16089
16284
16326
16338
16422
16455
16457
16458
16469
16580
16595
16626
16737
16855
16866
16928
16971
16974
17037
17052
17066
17092
17135
17226
17283
17297
17303
17316
17372
17453
17592
17693
17747
17918
17919
17994
18477
18590
18728
18764
18993
19029
19150
19169
19260
19282
19306
19319
19601
20176
20299
20300
20311
20611
20734
20793
20823
20853
20913
20959
21004
21167
21194
21218
21220
21264
21267
21282
21293
21419
21421
21456
21530
21644
21794
22384
22528
22600
22888
22979
23107
23135
23265
23269
23441
23481
23501
23502
23545
23568
23686
23742
24143
24260
24261
24266
24269
24281
24285
24436
25082
25192
25235
25406
25492
25696
25765
25819
26084
26278
26362
26562
26567
26754
26785
26827
26933
26954
26969
27006
27008
27024
27288
27385
27415
27531
27644
27659
27684
27759
27883
28083
28121
28321
28327
28342
28648
28829
28845
28907
29012
29013
29108
29187
29414
29455
29594
29628
29713
30031
30222
30589
30616
30927
30969
30970
31081
31115
31130
31425
31435
31555
31652
31659
31860
31902
31994
31998
32023
32037
32082
32289
32331
32526
32713
32883
32965
33009
33071
33114
33156
33210
33223
33341
33477
33525
33814
33993
33999
34059
34453
34824
35065
35555
35697
35950
35952
35963
36069
36116
36121
36133
36221
36267
36327
36386
36490
36586
36647
36689
36724
36868
36934
37010
37910
38303
38546
38638
38663
38780
38833
38871
39267
39282
39473
39572
39586
39648
39651
39666
39704
39716
39948
40039
40143
40166
40174
40248
40453
40519
40624
40899
40911
40951
41077
41106
41218
41348
41386
41513
41584
41745
41959
42300
42348
42507
42580
42698
42729
42744
42757
42882
42938
43027
43094
43219
43656
44096
44130
44161
44198
44212
44221
44229
44288
44472
44506
44619
44698
45175
45212
45556
45630
45652
45661
45689
45936
45940
45967
45993
46339
46544
46666
46723
46911
47155
47165
47170
47199
47362
47370
48498
48584
48592
49715
49848
49875
50097
50174
50297
50447
50677
51438
51479
51485
51510
51572
51662
51850
51852
52123
52757
53016
53036
53137
53196
53337
53353
53567
53630
53701
53734
53750
53758
53843
53923
54040
54158
54377
54380
54486
54508
54544
54562
54614
54626
54694
54821
54860
55071
55236
55239
55320
55348
55467
55505
55545
55565
55668
55737
55857
55959
56093
56109
56467
56475
56662
56859
56894
57161
57166
57207
57297
57468
57493
57516
57618
57754
57765
57766
57848
57874
57901
58059
58062
58099
58101
58208
58228
58294
58467
58471
58728
58729
59182
59431
59818
59959
59970
59978
60056
60084
60164
60165
60182
60245
60343
60666
60680
60704
60864
60868
60948
61016
61063
61125
61167
61224
61259
61361
61453
61459
61470
61482
61492
61624
61747
61869
62076
62095
62230
62366
62427
62430
62452
62461
62468
62680
62787
62891
62903
62925
63003
63183
63202
63299
63320
63360
63373
63480
63524
63546
63588
63610
63657
63693
63815
63873
63881
63891
64015
64107
64117
64361
64365
64472
64551
64627
64790
64837
64842
64990
65015
65019
65029
65213
65255
65268
65412
65562
65615
65660
65813
65834
65903
65916
66008
66026
66161
66251
66265
66275
66340
66422
66718
66741
66974
67130
67145
67208
67215
67299
67397
67890
67925
67948
68099
68403
68414
68557
68705
68735
68765
68900
68905
68974
69083
69266
69370
69588
69755
69921
70085
70095
70216
70279
70586
70609
70858
71010
71272
71495
71502
71507
71534
71603
71620
71719
71774
71953
72190
72265
72427
72643
72739
72895
72965
73128
73433
73442
73487
73533
73551
73643
74053
74073
74240
74561
74568
74680
74689
74802
74821
74860
74978
75076
75167
75635
75658
75708
75709
75770
75922
75928
76484
76761
77114
77186
77482
77765
77799
77944
78195
78331
78366
78562
78919
79067
79736
79749
79782
80260
80301
80327
80493
80684
80698
80700
80842
80924
81033
81106
81453
81615
81739
81870
81893
82525
82638
82928
82935
83081
83243
83760
83783
83811
84010
84059
84229
84417
84480
84659
84697
84820
84905
84988
85094
85145
85165
85252
85725
85761
86053
86215
86525
87279
87481
87732
87853
87987
89040
89058
89121
89269
89360
89427
89621
89756
89778
90394
90426
90659
91139
91923
92245
92894
93287
93313
93408
93540
94035
94134
94270
94464
94477
94711
94783
95883
95915
95981
96190
96208
96471
96804
97286
97459
97707
97773
97992
98322
98663
98691
98724
99070
99861
99913
100002
100023
100062
100184
100186
100549
100779
101021
101053
101137
101139
101633
101682
101683
102145
102527
102859
103036
103161
103284
103311
104027
104459
104705
105210
105409
105416
105790
106220
106268
106363
106457
106647
106738
106906
107038
107630
107690
108025
108201
108268
109161
109385
110322
110520
110576
110777
110784
110921
111155
111270
112359
112435
113011
113092
113114
113265
113945
114123
114229
114543
114969
115535
115655
115678
115708
115748
116551
116940
117425
117964
118061
118120
118149
118430
118557
118731
118812
119569
119615
120489
120494
120945
120973
121094
121473
121687
121731
121746
121861
121893
122179
122322
122559
123451
123784
124104
124251
125053
125163
125594
125618
125704
126443
126788
128241
128423
128472
128796
128807
128975
130213
130271
130282
130420
130606
131154
131380
131487
131566
131664
131693
131699
131711
131719
131747
131757
131865
132017
132191
132471
132516
132533
132570
132695
132829
132875
132994
133025
133562
134087
134224
134545
134671
135250
135320
135393
135465
135706
136074
136493
136528
136656
136687
136872
136923
137112
137121
137446
137558
137671
137857
138038
138216
138299
138548
139074
139129
139889
140133
140195
140211
140237
140355
140377
140425
140519
140640
140973
141154
141335
141727
141890
141984
142057
142121
142272
142507
142624
142789
142838
143855
143979
144087
144368
144428
144559
144902
145060
145473
145994
146189
146390
146638
146726
146754
146846
146926
147004
147057
147375
147474
147586
148113
148182
148201
148242
148259
148360
148675
148825
148885
148970
149251
149287
149534
149630
149674
149684
149695
149696
149766
149777
149782
149842
149959
150285
150751
150800
150937
151020
151199
151390
151553
151783
151798
151898
151935
152071
152255
152259
152263
152783
152819
152883
153190
153292
153405
153674
153780
153877
154292
154934
154984
155072
155158
155487
155540
155649
155679
155881
156071
156309
156649
156695
156725
156775
156789
157240
157431
157524
157826
158027
158047
158061
158176
158238
158528
158818
158955
159019
159380
159749
159815
159913
160220
160554
160609
160644
160714
160994
161394
161459
161668
161703
161979
161994
161996
162163
162493
162508
162565
162677
163098
163181
163328
163384
163532
163627
163656
163809
163814
164203
164255
164306
164682
164762
164869
165205
165409
165425
165461
165480
165596
165712
165919
166006
166270
166370
166541
166679
166819
166938
166983
167013
167222
167489
167998
168084
168123
168217
168341
168546
168623
168652
168695
168757
168778
168978
169002
169050
169063
169152
169283
169306
169464
169480
169532
169556
169975
170327
170420
170599
170670
170847
171159
171562
171658
171765
171776
171811
171964
172003
172026
172178
172445
172499
172686
172700
172870
173072
173107
173151
173294
173732
173733
173734
173742
173891
174048
174527
174563
174650
174966
175069
175338
175422
175817
176000
176129
176135
176551
176653
176770
177112
177451
177540
177606
177719
177838
177892
178188
178899
179149
179175
179428
179604
179670
179739
179817
179872
179925
179935
180331
180348
180591
180627
180653
180822
180948
180950
181249
181759
181940
181972
181985
182048
182062
182069
182095
182177
182225
182364
182378
182649
182744
182830
182877
183059
183561
183599
183876
183913
183976
183990
184031
184182
184452
185266
185406
185478
185575
185842
186220
186744
186979
187084
187566
187570
187611
187671
187935
188087
188478
188661
188674
188706
188803
189135
189181
189378
189436
189486
189608
189732
189787
189828
190105
190267
190558
190735
190968
190974
191075
191205
191531
191817
191852
191875
192162
192396
192540
192589
193391
193393
193547
193620
193627
193632
193810
193853
194154
194536
194551
194598
194621
194778
195027
195089
195123
195233
195240
195511
195564
195578
195652
195927
195966
195971
195989
196010
196100
196624
197155
197389
197477
197609
197753
197763
197942
197948
198050
198134
198151
198471
198478
198629
198697
198786
198958
198998
199195
199312
199492
199609
199693
200059
200333
200845
200859
200947
201257
201415
201629
201992
202530
202716
202782
202799
203017
203027
203116
203663
203901
203907
203910
204598
204951
204959
205043
205140
205485
205735
205867
206071
206216
206916
206957
207249
207250
207533
207816
207945
208080
208095
208148
208275
208341
208499
209025
209287
209310
209796
210265
210531
211078
211424
211974
212096
212109
212356
212371
212544
212853
213360
213667
213908
214046
214217
214325
214474
214578
214596
214917
215172
215431
215540
215560
215616
215638
215746
215756
215763
216015
216080
216170
216613
216759
217660
217890
218224
218383
218793
218836
219066
219081
219447
219457
219558
219564
219871
219922
220063
220219
220351
220413
220739
220946
221043
221105
221618
221745
221754
221844
222054
222304
222369
222399
222691
222707
222913
223576
223597
223926
223968
224510
224680
224807
225187
225306
225523
225747
225887
225926
225976
226021
226302
226311
226323
226325
226328
226700
226954
227024
227437
227589
227715
228277
228317
228517
228888
229130
229202
229212
229216
229253
229351
229367
229501
229783
229845
229851
229874
229965
230036
230124
230321
230380
230588
230616
230854
230877
230940
230956
231145
231154
231194
231414
231419
231442
231617
231619
231974
231978
232293
232437
232612
232618
232624
232866
232956
233023
233110
233288
233389
233401
233638
233662
234034
234184
234247
234330
234926
235515
235551
235552
235575
235651
235824
235951
236267
236449
236530
236602
236671
236722
236735
236788
236801
236949
237127
237162
237728
237734
237878
237901
237949
237950
238085
238119
238208
238883
239103
239410
239506
239740
239824
239883
239899
240105
240314
240329
240416
240434
240617
240653
240800
240918
240930
240938
241021
241159
241182
241538
241588
241636
241770
242479
242486
242532
242569
242643
243040
243229
243299
243303
243352
243383
243442
243708
243716
243738
243814
243961
244235
244547
244603
244681
244697
244858
245027
245274
245504
245544
245574
245575
245607
245715
245896
245905
246047
246134
246351
246647
246667
246715
246916
246938
247000
247283
247562
247728
247764
247778
247870
248029
248313
248575
248713
248725
248865
248869
248871
248966
248983
249414
249520
249644
249704
249867
250234
250259
250323
250378
250536
250801
250973
251262
251277
251314
251483
251574
251644
251728
252049
252076
252095
252525
252607
252865
253332
253358
253466
253471
253475
253537
253590
253623
253796
253800
253803
253806
253811
253815
253828
253839
253842
253846
253877
253956
253979
254042
254063
254131
254168
254467
254473
254640
254707
255024
255338
255476
255562
255601
255650
255672
255788
255957
255958
255996
256078
256153
256272
256328
256369
256506
256546
256643
256758
256819
256899
256909
256927
256930
257022
257214
257568
257787
258039
258284
258321
258397
258412
258686
258690
258740
258774
258814
258838
258865
258888
259438
259807
259887
259946
260348
260451
260618
260672
260686
260717
260765
260980
261044
261259
261344
261441
261674
261711
261744
261781
261875
262380
262405
262455
262485
262557
262583
262610
262778
262925
263005
263020
263047
263237
263251
263326
263389
263776
263784
263888
264167
264323
265036
265064
265115
265145
265194
265282
265506
265648
266292
266310
266351
266374
266437
266449
266484
266648
266693
266725
266753
266787
266812
266838
266964
267160
267294
267435
267652
267708
267755
267802
267816
268072
268154
268392
268439
268481
268868
269208
269814
269889
270067
270177
270231
270345
270568
270792
271043
271083
271130
271265
271279
271486
271645
271750
271824
271825
271831
271868
271873
271954
272026
272044
272063
272269
272282
272303
272351
272706
272927
273190
273228
273256
273423
273780
273992
274062
274085
274137
274172
274271
274329
274376
274576
274590
274731
274743
274877
275219
275271
275346
275410
275443
275459
275490
275523
275536
275549
275637
275645
275877
275936
275976
276058
276120
276317
276370
276482
276491
276783
276994
277077
277207
277370
277389
277544
277555
277840
277915
277939
278090
278113
278145
278151
278197
278472
278815
278842
278876
278879
278938
279093
279246
279456
279816
279857
279969
280046
280472
280935
281220
281221
281308
281323
281357
281405
281420
281521
281703
281851
281965
282008
282860
282863
282977
283072
283090
283184
283194
283377
283550
283583
283632
283685
284208
284255
284315
284476
284855
285137
285158
285262
285442
285469
285492
285716
285786
285853
286005
286364
286438
286529
286662
286838
287037
287150
287223
287266
287269
287272
287335
287408
287417
287421
287492
287674
287690
287814
287845
287847
287901
287932
288043
288141
288170
288224
288351
288726
288842
289021
289031
289037
289288
289494
289591
289647
289665
289703
289892
289958
290021
290058
290193
290457
290670
290833
290974
291235
291649
291714
291812
292047
292121
292266
292467
292770
292780
292800
292927
292954
292973
293004
293214
293273
293743
294227
294239
294242
294250
294259
294263
294280
294353
294457
294490
294590
294645
294646
294717
294771
295130
295998
296142
296345
296361
296467
296717
296804
296844
297014
297095
297271
297611
297658
297698
297782
297901
297938
297962
298301
298423
298548
298609
298696
298759
298782
298788
298875
298893
299062
299078
299312
299328
299461
299531
299699
299778
299888
300062
300140
300433
300976
301034
301197
301233
301372
301397
301691
302017
302057
302194
302340
302419
302573
302727
303168
303217
303345
303462
303699
303725
303726
303851
304129
304187
304231
304799
304911
304920
305211
305301
305554
305670
306099
306190
306251
306538
306624
306799
306815
306919
307154
308044
308148
308161
308241
308423
308572
309092
309342
309934
309936
310103
310201
310272
310280
310325
310338
310465
310647
310679
310765
310942
311343
311356
311483
311499
311573
311659
311965
312028
312283
312303
312429
312437
312477
313180
313730
313839
313861
314200
314288
314294
314442
314588
314628
314903
314933
314982
315421
315665
315847
315965
315976
315985
315994
316079
316090
316203
316843
316900
317501
317624
317662
317690
317715
317905
317938
318021
318187
318358
319724
319798
319844
319991
320383
320489
320698
320700
320876
320877
320887
320900
321014
321136
321300
321457
321624
321897
322037
322244
322505
322511
322539
322604
322719
322881
322923
322974
323059
323132
323270
323292
323453
323706
323963
324115
324431
324517
324800
325113
325119
325263
325333
325429
325710
325819
325880
326106
326189
326202
326266
326832
326908
327092
327253
327712
327746
328040
328271
328570
328683
328693
328695
328697
328744
328847
328872
328963
329064
329310
329385
329841
330030
330055
330591
331235
331312
331500
331607
331854
331986
331987
332131
332208
332253
332525
332740
333104
333323
333390
334265
334304
334540
334781
335016
335094
335306
335445
335519
335541
335797
335819
335820
335915
336085
336220
336528
336636
336904
336947
337579
337658
337708
338438
338491
338624
338811
339142
339456
339613
339752
340001
340082
340279
340351
340761
340924
340940
341112
341124
341130
341193
341314
341525
341597
341982
342027
342264
342532
342563
342902
342965
342995
343276
343367
343607
343648
343721
343786
343862
343971
344019
344068
344230
344277
344333
344390
344726
344775
344964
345271
345341
345556
345847
346248
346260
346527
346619
346805
347408
347698
347730
347851
347865
347904
348037
348177
348251
348577
348747
348753
349274
349296
349335
349420
349481
349486
349732
349841
349979
350433
350525
350571
351101
351291
351530
352651
352764
352851
352894
352938
352941
352976
352990
353008
353298
353317
353608
353801
353940
354060
354095
354285
354372
354427
354514
354732
354854
354857
354929
355106
356213
356729
357157
357224
357820
358440
358565
359083
359198
359982
360135
360400
360470
361023
361133
361492
362139
362870
363320
363625
363626
363950
364275
364509
364567
364650
364734
364761
364785
365040
365134
365205
365227
365439
366110
366754
367289
367538
367793
367809
367810
368573
369020
369378
369409
369411
369567
369831
369839
369888
370299
370340
370700
370970
371138
371299
371716
371862
372739
372963
372978
373070
373618
374015
374143
374548
374935
375058
375249
375434
376034
376265
377217
377248
378001
378233
378586
378685
378714
378790
378852
378981
379326
379850
380239
380286
380335
380416
380433
380500
380730
380752
380923
381421
381433
381777
382523
382524
383115
383284
383550
383975
383990
384230
384379
384990
385190
385498
385824
385853
386125
386126
386220
386507
386555
386744
386799
387032
387051
387377
387467
387541
387666
387735
389482
391189
391955
392325
392431
392794
392918
393016
393094
393289
393479
393682
393722
393975
394111
394147
394336
394474
395069
395110
395380
395585
395613
396270
396355
396600
396636
396830
397034
397652
397673
397755
397911
398281
398283
398682
398860
399126
399237
399590
399640
399720
399946
400000
400165
400166
400168
400221
401039
401282
401305
401344
401569
401579
401750
401836
401887
402037
402273
402413
402516
402678
403056
403264
403522
404374
404502
404530
404676
404717
404849
404879
404923
405025
405212
405223
405225
405356
405408
405672
406056
406726
406852
406891
406902
406992
407273
407428
407469
407501
407502
407579
407716
407717
407795
408099
408145
408172
408251
408271
408406
408770
408928
408983
409039
409112
409262
409293
409591
409618
409638
409666
409939
410242
410963
410969
411243
411285
411336
411525
411911
411918
412016
412092
412180
412379
412402
412485
412997
413159
413282
413504
413567
413674
413815
414097
414390
414553
414605
414801
415041
415676
415892
416014
416075
416091
416108
416129
416158
416426
416478
416513
416557
417214
417242
417445
417521
417641
417654
417659
417664
417685
417935
418444
418557
418716
418797
418846
418974
419281
419373
419390
419721
419747
419757
419758
419840
420164
420752
420786
420805
421539
422052
422073
422107
422295
422318
422409
422414
422484
422901
423015
423439
423502
423770
423818
424127
424192
424298
424413
424414
424668
424737
424767
424889
425639
425784
426008
426336
426475
426491
427299
427360
427512
427556
427892
428140
428180
428226
428329
428594
428718
429194
429264
429331
429424
429442
429482
430427
430665
431420
431835
431865
432537
432769
432800
432812
432843
432950
432954
433060
433218
433414
433611
433914
434622
434658
434678
434792
434940
434981
435035
435049
435696
435774
435776
435946
436281
436357
436362
436478
436510
436619
436721
436824
436912
436916
436955
437010
437586
437680
438402
438462
438513
438796
439750
439923
440257
440399
440417
440423
440466
440509
440512
440717
440828
440849
440885
440959
440985
441443
441695
441753
441760
441801
441858
441860
441972
442633
442636
442649
443192
443421
443598
443646
444157
444171
444268
444430
444576
444744
445119
445172
445247
445253
445349
445377
445643
446057
446536
447208
447516
447766
448048
448049
448603
448616
448697
448698
448699
448894
448908
448936
449034
449084
449085
449087
449093
449130
449160
449296
449600
449660
449680
449764
449988
450009
450011
450046
450134
450398
450440
450577
450578
450684
450769
450905
451293
451629
452068
452481
452541
452822
452824
452992
453094
453161
453168
453623
453671
453689
453823
454188
454418
454626
454763
455196
455235
455417
455592
455620
455734
455801
455828
455974
456176
456179
456190
456336
456425
456428
456451
456457
456478
456526
456713
456913
457096
457195
457208
457400
457440
457528
457555
457829
457951
458154
458377
458499
458673
458763
458807
458986
459066
459184
459722
459929
459950
460036
460301
460452
460692
460876
461018
461024
461131
461380
461860
461896
461906
462020
462105
462307
462454
462473
462625
462846
462863
462986
463200
463344
463726
463859
464235
464299
464369
464804
464925
465014
465197
465277
465384
465449
465954
466010
466074
466078
466277
466457
466905
467140
467378
467630
467634
467670
467782
467866
468289
468386
468387
468388
468465
468471
468646
469203
469485
469647
469712
469994
470090
470192
470361
470370
470446
470498
470668
470709
471193
471289
471523
471556
471562
471659
471845
472052
472130
472141
472376
472381
472546
473221
473554
473592
473777
473946
473950
474090
474261
474283
474574
474612
474684
474725
474883
474968
475005
475138
475216
475324
475831
476307
476468
476708
476877
476899
476919
476983
477031
477193
477391
477534
477650
477766
477979
478025
478053
478385
478604
478737
478949
479002
479118
479127
479267
479285
479634
479663
479867
479926
480074
480084
480274
480340
480461
480808
481022
481178
481306
481362
481440
482412
482419
482564
482587
482650
482765
482969
483485
483505
483819
483921
483934
484297
484312
484315
484504
484600
484629
484645
484709
485024
485026
485314
485465
485591
485615
486114
486138
486542
486547
486717
486902
486915
487228
487239
487587
487691
487721
487806
487816
488078
488211
488249
488327
488499
488543
488911
489018
489086
489136
489160
489365
489419
489497
489619
489636
489822
489868
489924
489962
489965
490011
490050
490074
490231
490278
490527
490554
490608
490817
490830
490989
491123
491162
491512
491529
491915
491942
491977
492402
492733
492785
492810
492842
492847
492977
493013
493177
493269
493359
493611
493815
494208
494296
494621
494642
494823
494937
495108
495249
495651
495703
495830
495913
495927
496095
496166
496821
497099
497209
497219
497264
497370
497601
497626
497695
497746
497821
498052
498106
498449
498485
498693
498794
498859
498891
499092
499778
500114
500577
500580
500845
500886
500948
501098
501192
501693
502132
502146
502309
502331
502429
502895
503231
503376
503460
503497
503515
503529
503569
503790
504207
504308
504362
504394
504437
504690
504755
504870
504933
504938
504964
505029
505231
505425
505517
505573
505610
505708
505835
505963
505981
506121
506352
506575
506629
506715
506936
506938
507025
507108
507193
507255
507393
507420
507683
507941
507972
508080
508117
508144
508154
508163
508235
508292
508365
508391
508828
508847
508850
509332
509344
509357
509391
509894
509989
510218
510264
510375
510447
510501
510651
510741
510751
510769
510983
511221
511383
511385
511386
511733
511973
512163
512209
512210
512348
512353
512628
512775
512948
513384
513396
513548
513572
513573
513688
513757
513915
513941
514326
514384
514402
514412
514457
514562
514631
514673
514707
514746
514815
514870
515032
515111
515158
515171
515392
515408
515552
515821
515970
516334
516404
516461
516537
516643
516847
516993
517121
517137
517323
517400
517488
517600
517622
517654
517712
518045
518231
518566
518576
518650
518742
518960
519100
519217
519310
519322
519525
519697
520555
520929
521008
521038
521080
521233
521234
521259
521522
521672
521714
521773
521806
521807
521986
522081
522263
522392
522428
522435
522723
522835
522864
523123
523161
523205
523351
523446
523554
523795
524067
524111
524696
524809
524896
524924
525113
525120
525128
525293
525388
525412
525523
525564
525668
525741
525749
525817
526038
526235
526316
526351
526368
526520
526632
526719
526838
526950
527135
527267
527422
528039
528059
528214
528263
528367
528415
528445
528546
528685
528769
529007
529071
529463
529549
529578
529889
529891
530074
530091
530135
530150
530184
530246
530247
530288
530318
530324
530431
530576
530632
530647
530942
531091
531111
531195
531208
531363
531446
531455
531460
531577
531637
531662
531724
531851
531894
532131
532288
532398
532407
532504
532749
532991
533142
533168
533239
533308
533399
533512
533625
533731
533927
533951
534016
534266
534539
534550
534568
534648
534650
534781
534861
534897
534902
534963
535068
535095
535165
535352
535436
535631
535884
535954
536082
536312
536328
536347
536578
536831
536884
536985
537084
537192
537280
537324
537443
537490
537559
537625
537823
537970
538012
538057
538138
538278
538299
538344
538494
538590
538767
539087
539160
539317
539350
539455
539722
539800
539828
539876
540057
540206
540214
540296
540562
540894
541060
541503
541509
541521
541578
541619
541653
541720
541725
541837
541927
541941
542029
542182
542535
542808
542920
543012
543233
543241
543526
543694
543779
543792
543878
544039
544324
544518
545252
545261
545305
545367
545381
545422
545586
545597
545651
545823
545852
545949
545977
546041
546099
546128
546383
546396
546442
546504
546573
546719
546759
546889
547027
547306
547519
547795
547830
547865
547907
547920
548056
548133
548327
548351
548475
548536
548609
548675
548775
548815
548903
548954
549201
549206
549226
549295
549546
549549
549615
549873
549941
550225
550297
550389
550563
550809
550858
551145
551175
551306
551423
551481
551560
551613
551881
551888
551976
552141
552344
552502
552519
552628
552654
552916
552951
553118
553177
553439
553470
553502
553516
553559
553565
553689
553823
553862
553872
553890
553903
554165
554283
554287
554302
554455
554531
554569
554674
554704
554707
554815
554876
554889
554943
555028
555083
555148
555206
555408
555437
555552
556079
556108
556141
556358
556379
556392
556557
556635
556646
556673
556874
556903
557018
557051
557179
557192
557213
557246
557356
557487
557554
557604
557625
557647
557686
557715
557717
557768
557902
557913
557949
558304
558331
558368
558651
558768
558770
558886
558913
558988
559091
559474
559493
559511
559782
559957
560078
560406
560494
560544
560694
560867
560904
560984
560992
561155
561345
561420
561567
561732
561819
562098
562478
562524
562643
562783
562894
562951
563187
563328
563431
563442
563496
563514
563587
563652
563710
563841
564052
564073
564184
564447
564550
564649
564751
564810
564915
565122
565143
565148
565202
565243
565523
565747
565814
566186
566456
566495
566511
566524
566552
566625
566712
566755
566767
566860
566867
566888
566943
567001
567013
567075
567195
567281
567651
567739
567804
567901
567957
568002
568394
568425
568546
568588
568597
568612
568629
568661
568743
568784
568933
569232
569393
569394
569831
569891
570011
570113
570123
570188
570218
570276
570750
570775
570797
570865
571017
571401
571447
571564
571631
571823
571960
571966
572303
572339
572913
573268
573334
573414
573612
573795
573850
574201
574232
574344
574683
574737
574876
574878
574947
574970
575017
575061
575075
575104
575286
575376
575399
575535
575579
575744
575790
575821
575842
576227
576426
576550
576562
576627
576657
576688
576755
576854
576916
576992
577028
577133
577243
577324
577368
577456
577731
577798
577824
577861
577898
578267
578423
578564
578630
578701
578709
578742
578781
578833
578941
578973
578990
579033
579176
579242
579262
579304
579343
579530
579716
579817
579919
579977
580153
580323
580331
580414
580425
580473
580592
580911
580935
581180
581258
581421
581542
581675
581800
581878
581988
582103
582206
582251
582272
582372
582418
582491
582574
582599
582612
582692
582700
582824
582886
582917
582933
582979
583064
583067
583224
583337
583723
583985
584122
584183
584317
584334
584390
584595
584703
584881
584903
584910
584994
585062
585174
585300
585369
585491
585633
585720
585789
585799
585864
585918
585937
586227
586510
586642
586840
586871
586972
587060
587392
587698
587827
587863
587868
588077
588211
588248
588420
588545
588598
588605
588672
588841
589114
589136
589203
589832
589957
590004
590108
590216
590244
590347
590593
590712
590903
590920
590970
590990
591123
591135
591199
591349
591565
591707
591710
591848
591873
591988
592018
592064
592149
592204
592287
592392
592415
592447
592508
592619
592640
592724
592744
592785
592853
592869
593000
593041
593138
593292
593320
593350
593463
593465
593571
593654
593709
593962
594020
594036
594193
594251
594521
594597
594640
594652
594927
595054
595222
595342
595376
595518
595600
595610
595635
595641
595723
595756
595777
595967
596048
596170
596335
596346
596373
596391
596448
596742
596775
596798
596835
596860
596875
597110
597494
597544
597624
597668
597807
597817
598239
598254
598260
598386
598398
598612
598680
598729
598871
599067
599179
599222
599304
599336
599419
599507
599575
599614
599822
599832
600105
600286
600469
600529
600533
600546
600662
600756
600775
600877
600891
601053
601209
601252
601294
601393
601500
601622
601932
602070
602142
602250
602336
602453
602484
602533
602733
602805
602888
602927
602966
603139
603267
603382
603516
603547
603577
603946
603948
604139
604141
604193
604204
604423
604643
604806
604913
605168
605371
605410
605602
606041
606245
606269
606404
606408
606899
607316
607363
607523
607525
607735
607781
608127
608289
608387
608474
608622
608649
608712
608717
608803
609054
609068
609174
609213
609302
609327
609559
609927
609983
609987
610015
610019
610252
610310
610345
610431
610489
610548
610596
610647
610678
610686
610751
610796
610926
610968
611009
611064
611088
611141
611214
611220
611222
611320
611366
611387
611408
611778
611897
612014
612263
612563
612588
612841
612923
612936
612942
612985
613650
613691
613739
613772
613776
613818
613970
614873
614987
615021
615029
615031
615069
615157
615929
615963
615971
616072
616129
616290
616585
616659
616846
617069
617162
617342
617433
617586
617727
617937
617984
618283
618419
618641
618836
618842
618996
619009
619046
619577
619611
619695
619716
620181
620189
620214
620514
620606
620618
620792
620887
620940
621096
621290
621314
621328
621430
621644
621726
621838
622082
622120
622152
622410
622477
622751
623042
623310
623735
623743
623986
624222
624386
624593
624796
624815
624937
625035
625185
625186
625201
625365
625541
625708
625717
625751
626246
626473
626677
626678
626951
627128
627429
627432
627505
627796
627835
627949
627953
627999
628078
628116
628193
628198
628218
628227
628653
628865
629017
629102
629105
629248
629307
629315
629392
629761
629770
629855
629879
629887
629949
630065
630608
630875
630894
631026
631325
631523
631747
632275
632302
632335
632392
633162
633178
633247
633276
633283
633498
633505
633641
633681
633717
633950
633966
634065
634124
634276
634353
634680
634703
634896
634971
635114
635238
635282
635662
635783
635842
636035
636102
636309
636391
636531
636621
636702
636783
637080
637096
637100
637504
637537
637641
637721
637730
637753
637754
637830
638218
638511
638822
638867
638894
638898
639049
639094
639199
639360
639512
640033
640084
640128
640370
640589
640691
640813
640899
640910
640990
641012
641113
641411
641439
641817
641829
642059
642279
642294
642685
642858
642871
642924
642950
643328
643548
643659
643877
643948
644005
644315
644575
644833
644854
644941
645075
645173
645225
645572
645592
645619
645650
645656
645672
645693
645780
645795
645814
645862
645922
645942
645994
646147
646210
646298
646325
646391
646400
646486
646665
646939
647033
647359
647530
647589
647590
647598
647656
647762
648047
648189
648659
648777
649551
649878
649903
650493
650735
650758
650867
651308
651375
651380
651475
651544
651648
651761
651978
652380
652430
652621
652750
652769
653102
653166
653344
653458
653771
653920
654134
654232
654294
654314
654612
654619
655115
655276
655567
655783
656183
656191
656281
656364
656398
656405
656431
656500
656535
656537
656610
656718
656777
656822
656913
656918
656946
657050
657198
657217
657500
657502
657696
657727
657739
657858
657929
658008
658426
658515
658570
658652
658799
658932
659207
659715
659717
659765
659866
659880
659930
659952
660016
660036
660489
660542
660577
660812
661033
661277
661287
661365
661814
661861
661961
662130
662232
662387
662843
662948
663096
663351
663392
663608
663911
664047
664107
664514
665191
665192
665483
665843
666171
666220
666315
666408
666613
666837
666993
667052
667148
667351
667502
667602
668140
668272
668400
668533
668578
668691
668799
669249
669262
669633
669640
669709
669785
669831
669939
670064
670212
670289
670546
670767
671022
671133
671264
671303
671387
671402
671544
671588
671633
671765
672469
672497
672724
672731
672826
672924
673016
673061
673133
673152
673248
673278
673370
673411
673495
673532
673686
673687
673760
674043
674148
674328
674620
674692
675171
675260
675467
675506
675626
676092
676257
676295
676347
676675
676690
676861
677162
677231
677278
677479
677522
677720
677903
678147
678191
678196
678389
678427
678515
678593
678779
678975
679598
679613
679633
679650
679794
679800
679956
680096
680152
680166
680431
681008
681120
681316
681361
681518
681540
681582
681805
681807
681812
681909
681989
682032
682122
682155
682531
682679
682808
682943
683024
683084
683415
683518
683821
683932
684100
684231
684689
684781
684894
684932
685010
685137
685364
685435
685811
686090
686373
686459
686640
686750
686916
686977
687009
687145
687852
688223
688535
688546
688562
689329
689487
689573
689677
689900
689923
689956
689963
690006
690084
690127
690276
690349
690364
690516
690533
690553
690603
690675
690729
690849
690934
690960
690981
691156
691445
691613
691860
691913
691931
691951
692021
692069
692137
692383
692397
692424
692567
692629
692713
693066
693075
693367
693531
693743
693809
694135
694374
694780
695069
695099
695162
695216
695440
695832
696338
696403
696422
696464
696579
696593
697260
697362
697419
697499
697550
697721
697788
697851
697923
698046
698094
698132
698162
698298
698327
698375
698453
698495
698514
698568
698657
698787
698807
698882
699000
699060
699063
699155
699348
699472
699937
699987
700003
700150
700340
700392
700408
700916
700917
701227
701363
701375
701474
701620
701636
701878
701900
702082
702205
702213
702252
702440
702541
702578
702587
702749
702980
703448
703829
703971
704068
704173
704192
704672
704793
704829
704838
705108
705433
705481
705500
705783
705796
706085
706572
706639
706938
707077
707229
707387
707432
707443
707524
707601
707613
707736
707827
707934
708085
708174
708358
708374
708432
708477
708482
708637
708894
708918
709078
709095
709160
709169
709417
709520
709526
709561
710015
710243
710283
710284
710550
710805
710896
711090
711228
711340
711607
711618
711635
711772
711884
711940
711951
711970
712260
712286
712619
712857
713144
713218
713329
713385
713532
713538
713548
713572
713661
713716
713933
713944
714028
714029
714049
714939
715102
715108
715263
715270
715286
715289
715435
715451
715615
715817
716052
716169
716535
716567
716697
716761
716780
716949
717269
717376
717607
718027
718030
718556
718609
718659
718857
719238
719244
719329
719599
719621
719914
719931
720011
720274
720331
720420
720842
720941
720967
721003
721162
721169
721187
721378
721414
721464
721470
721473
721509
721510
721663
721818
721849
722085
722451
722747
722925
723009
723312
723457
723507
723523
723739
723741
724022
724032
724214
724370
724527
724806
725270
725387
725414
725509
725651
725850
725986
725996
726193
726278
726370
726391
726465
726533
726630
726692
726809
726981
726995
727265
727384
727473
727512
727547
727649
727757
727835
727964
728069
728159
728164
728396
728439
728480
728498
728514
728573
728590
728676
728737
728976
729071
729203
729306
729365
729370
729422
729482
729587
729645
729656
729714
729771
729811
729841
729934
730350
730370
730393
730448
730480
730617
730743
730858
730998
731081
731093
731108
731236
731293
731300
731316
731327
731574
731749
732128
732397
732458
732523
732624
732735
732818
732949
733010
733039
733216
733303
733309
733727
734033
734531
734630
734646
734904
735174
735677
735692
735698
735720
735752
735936
736098
736101
736122
736187
736450
736580
736640
736721
736874
737075
737310
738044
738180
738196
738278
738298
738425
738516
738556
738588
738671
739013
739040
739138
739270
739449
739522
739543
739559
739738
739811
739890
739909
739930
740170
740186
740333
740667
740754
740764
740883
740902
740921
740942
741154
741341
741426
741456
741505
741783
741806
741851
742026
742089
742102
742241
742513
742779
742795
742950
743149
743180
743311
743342
743389
743549
743669
743762
744052
744078
744153
744227
744228
744333
744534
744649
744932
745275
745338
745351
745444
745576
745697
746088
746129
746198
746267
746309
746346
746393
746412
746575
746611
746905
746983
746996
747029
747159
747179
747316
747344
747419
747455
747538
747605
747874
747901
748166
748212
748246
748255
748307
748656
748771
748884
748974
749108
749135
749161
749276
749455
749896
749965
750153
750228
750299
750632
750694
751197
751281
751614
751631
751764
751766
751818
751851
751883
751904
751913
752202
752289
752341
752366
752437
752441
752616
752783
752952
753030
753084
753143
753181
753328
753334
753470
753477
753622
753687
753923
753935
753983
753991
754086
754154
754190
754364
754504
754505
754654
754732
754941
754976
755029
755032
755048
755069
755432
755512
755525
755528
755684
756142
756438
756458
756494
756540
756577
756655
756756
756786
756796
756892
756928
757007
757076
757108
757178
757187
757193
757442
757451
757733
757763
758168
758693
758784
758852
758872
759166
759307
759415
759513
759592
759620
759861
759901
759948
760303
760354
760446
760687
760932
760999
761041
761424
761460
761606
761666
761835
761909
761983
762015
762145
762159
762171
762664
762776
762930
763114
763126
763339
763419
763434
763476
763527
763546
763700
763809
763833
763878
763881
763912
763932
763956
763958
763962
764052
764076
764103
764397
764437
764495
764638
764753
764754
765047
765203
765249
765315
765422
765563
765569
765768
765956
766055
766130
766251
766290
766328
766477
766508
766542
766598
766814
766948
766973
767108
767133
767155
767170
767285
767286
767348
767397
767488
767562
767619
767711
767797
767827
767885
767969
767983
768119
768324
768355
768374
768778
768797
768949
768980
768986
769057
769175
769176
769257
769279
769327
769443
769448
769635
769899
770047
770109
770169
770232
770242
770243
770245
770247
770262
770263
770276
770300
770514
770526
770556
770563
770619
770729
770730
770809
770893
770948
770960
771011
771201
771299
771330
771414
771625
771647
771650
771915
772319
772362
772391
772423
772538
772556
772593
772606
772637
772679
772685
772879
772894
773041
773466
773471
773497
773993
774151
774181
774477
774478
774791
774899
775016
775031
775233
775280
775326
775447
775547
776047
776188
776257
776381
776500
776594
776765
776845
777141
777297
777327
777476
777597
777664
777729
777879
778158
778170
778252
778356
778390
778453
778555
778646
778662
778903
779114
779192
779561
779750
779804
779838
780004
780006
780176
780205
780322
780433
780445
780470
780479
780505
780582
780909
780942
780987
781273
781330
781397
781486
781541
781946
782063
782256
782257
782302
782371
782414
782434
782783
782786
782832
782945
783167
783202
783206
783294
783341
783533
783555
783911
783964
784122
784124
784169
784423
784444
784458
784610
784831
784846
784856
784863
785097
785366
785508
785897
785978
786053
786162
786214
786324
786347
786589
786611
786685
786714
786727
786757
786762
786787
786843
786908
786944
786951
786955
786975
787058
787062
787167
787556
787593
787722
787723
787799
787941
787962
787968
788005
788106
788259
788472
788502
788987
789233
789302
789559
789578
789596
789606
789686
790018
790095
790431
790640
790679
790682
790773
791049
791169
791191
791223
791295
791452
791720
791881
791966
791996
792019
792025
792037
792159
792182
792296
792835
792914
792957
793039
793045
793070
793079
793331
793447
793550
793590
793610
793668
793750
793812
793827
793830
793951
793962
794101
794142
794189
794198
794214
794418
794425
794472
794535
794567
795097
795193
795198
795234
795299
795314
795347
795413
795445
795535
795571
795611
795646
795667
795680
795957
795961
796067
796137
796195
796197
796217
796228
796232
796381
796404
796490
796523
796781
796783
796924
797000
797012
797196
797208
797314
797354
797527
797567
797631
797696
797703
797738
797878
797972
798008
798022
798069
798109
798122
798128
798309
798321
798391
798429
798510
798705
798809
798810
798938
798950
799095
799194
799305
799319
799369
799793
799829
799836
799900
799945
800048
800460
800918
800941
801125
801281
801307
801432
801583
801626
801689
801690
801770
801906
801920
801942
802073
802079
802277
802387
802456
802473
802498
802677
803006
803111
803237
803459
803472
803562
803711
803715
803728
803835
803971
804003
804114
804130
804194
804197
804265
804388
804438
804749
804815
804852
804861
804911
805028
805146
805186
805206
805218
805246
805271
805312
805376
805491
805498
805527
805610
805661
805793
805942
806038
806040
806314
806345
806764
806824
806977
807142
807161
807271
807314
807535
808205
808223
808313
808333
808351
808476
808478
808509
808511
808618
808624
808697
808767
808802
808809
808836
808925
808987
809086
809183
809246
809368
809415
809503
809506
809548
809567
809619
809731
809915
809975
810479
810543
810668
810675
810681
810708
810736
810830
810951
811007
811015
811299
811547
811631
811899
811950
812169
812357
812405
812462
812467
812655
812671
812695
812834
812938
813120
813225
813332
813470
813554
813680
813685
813736
813793
813819
814072
814183
814262
814305
814315
814400
814616
814666
814890
814925
814965
815045
815134
815341
815465
815983
815987
816102
816124
816131
816148
816482
816503
816532
816637
816673
816907
817113
817153
817355
817391
817495
817576
817898
818030
818032
818114
818214
818244
818264
818325
818337
818451
818481
818518
818736
819035
819076
819177
819206
819228
819251
819342
819348
819350
819381
819419
819505
819755
819785
819792
819840
819893
819956
820146
820218
820225
820404
820442
820694
820710
820855
820908
820953
821083
821135
821252
821265
821266
821355
821548
821763
821910
821924
821939
822011
822035
822172
822266
822297
822298
822739
822775
822941
822948
823031
823088
823177
823210
823245
823247
823348
823520
823618
823631
823684
823880
823926
824368
824400
824783
824785
824896
824984
825119
825129
825177
825193
825198
825486
825545
825549
825550
825670
826172
826307
826329
826352
827062
827077
827097
827211
827258
827327
827397
827410
827463
827658
827668
827719
827784
827802
828130
828203
828480
828553
828685
828796
828915
829083
829215
829376
829519
829637
829935
830030
830069
830165
830173
830251
830268
830279
830294
830490
830606
830608
830818
830840
831314
831473
831492
831725
831911
832005
832096
832157
832549
832596
832755
832762
832772
832810
832947
833489
833596
833728
833759
833785
833831
833860
833927
833988
834029
834088
834161
834190
834309
834346
834387
834437
834728
834813
834871
835138
835305
835382
835533
835603
835800
836000
836232
836235
836352
836390
836458
836534
836591
836720
836883
837096
837164
837256
837282
837430
837503
837551
837994
838070
838164
838258
838586
838589
838677
838929
838974
838983
838992
839058
839121
839291
839336
839503
839738
839805
839818
840103
840111
840369
840391
840429
840452
840500
840516
840529
840632
840641
840731
840987
841075
841207
841211
841292
841484
841655
841782
841850
841978
842167
842176
842462
842494
842858
842890
842973
843036
843256
843491
843499
843524
843733
843935
844011
844016
844072
844117
844278
844319
844469
844549
844682
844802
844862
845119
845127
845290
845362
845381
845417
845514
845517
845652
845806
846275
846457
846509
846592
846608
846655
846671
846698
846799
846854
846857
846871
846954
846973
847223
847495
847537
847567
847591
847598
847648
847662
847690
847785
847885
847932
847937
848087
848170
848174
848220
848312
848508
848707
848718
848853
849011
849050
849091
849313
849409
849567
849574
849603
849627
849703
849742
849869
850018
850097
850324
850338
850373
850517
850588
850709
850872
850937
851009
851094
851130
851209
851230
851241
851320
851393
851420
851514
851634
851772
851784
851805
851821
852118
852204
852250
852577
852585
852632
852709
853142
853203
853271
853298
853307
853316
853326
853438
853549
853571
853637
853675
853934
854033
854057
854095
854253
854303
854396
854400
854521
854726
854736
854800
855060
855150
855206
855300
855386
855412
855542
855549
855919
856007
856042
856064
856314
856352
856440
856804
856918
857092
857135
857216
857539
857573
857687
857696
857841
857853
858040
858189
858223
858452
858526
858670
858695
858750
858967
859003
859023
859129
859596
859732
859772
859972
860095
860163
860172
860242
860387
860625
860657
860827
860837
860962
861180
861325
861498
861689
861721
861754
862407
862444
862705
862890
862921
862983
863209
863225
863253
863400
863468
863566
863570
863789
864031
864381
864482
864533
864561
864981
865033
865176
865248
865281
865452
865472
865603
865808
865992
866004
866066
866435
866535
866556
866589
866699
866718
866750
866756
866781
866876
866890
867069
867220
867250
867270
867662
867717
867721
867769
867998
868408
868423
868648
868749
868765
868874
869026
869038
869085
869129
869522
869615
869689
869828
869842
870119
870218
870226
870246
870727
871230
871279
871282
871615
871917
872009
872019
872179
872210
872314
872362
872506
872621
872791
872891
872897
872946
873070
873161
873174
873373
873377
873438
873465
873602
873610
873701
873721
873886
873996
874121
874163
874379
874577
874647
874656
874683
874690
874706
874719
874864
874910
874979
875003
875029
875036
875040
875307
875362
875460
875567
875594
875624
875966
876101
876218
876308
876345
876488
876565
876792
876830
876964
877135
877431
877450
877633
877645
878142
878244
878451
878471
878591
878910
878957
878992
879445
879686
879701
879985
879988
880004
880051
880156
880221
880256
880424
880452
880469
880497
880617
880642
880811
881224
881337
881354
881674
881758
881789
882192
882209
882259
882305
882434
882441
882499
882559
882844
882863
883209
883235
883306
883354
883423
883431
883440
883480
883517
883742
883900
883919
884335
884526
884683
884908
884909
885072
885219
885263
885462
885693
885706
885918
885933
885951
886176
886386
886436
886646
886666
886746
886807
886808
886821
886826
886833
887019
887129
887292
887932
887964
887998
888027
888155
888508
888583
888905
889018
889268
889296
889437
889562
889869
889875
890426
890465
890514
890648
890706
890855
891082
891100
891117
891124
891130
891395
891753
891779
892158
892210
892257
892318
892658
892704
892875
893094
893311
893413
893556
893656
893684
893853
894015
894063
894093
894332
894366
894613
894807
894944
895386
895431
895432
895445
895447
895507
895521
895601
895881
895992
896115
896123
896125
896214
896290
896656
897110
897173
897201
897212
897494
897554
897778
897836
898289
898534
898594
898669
898737
898801
898861
899228
899293
899814
899839
899948
899959
900301
900302
900383
900454
900503
900673
900921
901090
901322
901634
901644
901797
901809
901855
901987
902077
902314
902482
902613
902709
902752
902910
903026
903275
903553
903614
903728
903814
903833
903886
903906
903944
903947
903972
904152
904689
904951
904983
905314
905425
905523
905694
905766
905814
905947
906038
906229
906383
906577
906582
906616
906634
906709
906907
907057
907260
907287
907452
907739
907858
907965
907966
908047
908350
908363
908404
908459
908469
908545
908595
908810
908911
908923
908930
909394
909462
909697
909859
909868
910082
910104
910181
910306
910366
910893
910976
911092
911191
911438
911552
911595
911630
911708
911746
911867
912391
912498
912721
912770
913143
913589
913816
914032
914070
914135
914215
914246
914325
914334
914355
914727
914870
914962
914975
915020
915040
915221
915567
915578
915590
916098
916330
916514
916552
916839
916857
917278
917488
917739
917795
917815
918239
918426
918495
918513
918523
918610
918815
918912
919189
919212
919432
919458
919491
919649
919651
919830
919836
919955
919978
919990
920504
920550
920614
920617
920622
920716
920929
921340
921441
921503
921566
921570
921585
921624
921911
922071
922116
922170
922547
922555
922561
922582
922764
922793
923053
923283
923351
923355
923424
923487
923566
923699
923722
923725
923729
923741
923798
923979
924107
924118
924265
924442
924447
924600
924624
924658
924719
924736
924883
924904
924926
925010
925075
925113
925189
925240
925457
925514
925559
925730
925841
926020
926021
926337
926569
926587
926861
927010
927226
927230
927231
927294
927680
927702
927714
928004
928104
928229
928265
928576
928665
928862
929137
929152
929477
929528
930186
930364
930701
931036
931589
931642
931833
932152
932251
932277
932393
932410
932668
932731
933103
933129
933347
933438
933441
933464
933756
933823
933861
934002
934059
934094
934181
934224
934232
934233
934449
934841
934893
935038
935191
935280
935920
935930
936040
936218
936228
936841
937399
937547
937551
937555
937709
937727
938015
938022
938367
938461
938596
938858
939035
939091
939303
939411
939433
939599
939724
940040
940046
940116
940325
940338
940439
940794
940872
941002
941004
941126
941165
941179
941625
941642
941862
941870
942329
942396
942413
942566
942591
942617
942618
942716
942854
942866
942877
943336
943340
943814
943903
944040
944049
944076
944272
944460
944530
944657
944755
944761
944818
944840
944913
944946
945297
945770
946194
946471
946484
946644
946731
946745
946988
946997
947007
947499
947662
948063
948256
948257
948261
948262
948313
948356
948394
948494
949124
949159
949341
949455
949665
950501
950950
951174
951230
951238
951365
951427
951439
951560
951700
951944
952638
952661
952684
952701
952790
952912
952988
953258
953275
953314
953342
953437
953594
953646
953678
953696
953746
953807
953821
953951
954171
954427
954501
954568
954588
954642
954930
955054
955098
955174
955489
955542
955726
955786
955821
955859
955943
955959
955974
956412
956421
956573
957002
957015
957071
957136
957218
957243
957260
957289
957373
957625
957642
957896
957900
958203
958541
958594
958939
959090
959126
959128
959229
959255
959284
959349
959788
959791
959911
959975
960069
960086
960164
960210
960825
960979
961308
961349
961477
961514
961837
961877
962045
962474
962897
962901
962959
963495
963680
963811
964224
964226
964259
964677
964891
965043
965285
965342
965365
965595
965717
965976
966104
966167
966229
966473
966961
967065
967196
967288
967346
967600
967721
967851
967969
968053
968067
968133
968537
968579
968690
968705
968714
968848
968892
968921
968969
969036
969091
969845
970080
970125
970302
970360
970426
970538
970546
970647
970659
970854
970936
970949
970967
971024
971103
971158
971233
971247
971675
971826
972024
972361
972474
972575
973211
973535
974292
974375
974588
974673
974977
975037
975201
975250
975254
975524
975965
975997
976491
976848
976953
976970
976972
977089
977177
977204
977240
977267
977272
977518
977870
977961
978120
978386
978497
978514
978582
978615
978998
979125
979182
979327
979596
979673
979692
979777
979785
979788
979851
980098
980350
980561
980903
981178
981211
981483
981494
981689
982071
982276
982409
982686
982720
982737
983220
983404
983426
983583
983625
984017
984380
984396
984455
984655
984678
984752
984767
984942
984957
984985
985151
985377
985457
985768
985848
985898
986197
986539
986710
986727
986764
986768
986873
986927
987049
987300
987329
987418
988156
988842
988874
989228
989405
989416
989424
989515
989534
989976
990130
990171
990367
990703
990922
991162
991303
991396
991629
991753
991807
992501
992508
992598
992636
992645
992691
992729
992891
993040
993358
993592
993962
994055
994093
994241
994368
994435
994446
994480
994938
995137
995187
995270
995469
995558
995849
996171
996230
996320
996405
996514
996786
997173
997194
997255
997395
997404
997808
997861
997867
998132
998138
998382
998569
998847
998981
999045
999161
999248
999641
999661
999755
999977
999984
1000224
1000358
1000472
1000539
1000685
1000747
1000960
1000964
1001071
1001147
1001202
1001279
1001353
1001447
1001870
1002042
1002076
1002081
1002192
1002215
1002341
1002368
1002469
1002506
1002650
1002658
1002663
1002703
1002732
1003063
1003405
1003634
1003734
1003742
1003754
1004268
1004323
1004635
1005063
1005201
1005399
1005416
1005420
1005424
1005600
1005675
1005684
1005702
1005720
1005763
1005786
1005846
1005867
1006043
1006170
1006308
1006320
1006697
1007201
1007571
1007671
1007724
1007938
1008007
1008191
1008245
1008307
1008724
1008740
1008756
1009447
1009466
1009483
1009733
1009883
1010134
1010258
1010298
1010402
1010481
1010574
1010590
1010668
1010898
1011326
1011441
1011449
1011475
1011513
1012514
1012524
1012659
1012717
1012857
1012930
1012959
1012979
1013041
1013181
1013424
1013485
1013524
1013647
1013648
1014305
1014313
1014424
1014774
1014842
1014961
1015036
1015313
1015411
1015715
1015760
1015969
1016004
1016104
1016105
1016156
1016320
1016865
1017172
1017177
1017342
1017520
1017554
1017718
1017878
1018175
1018195
1018217
1018233
1018529
1018769
1019111
1019360
1019575
1019624
1019813
1019921
1019967
1020236
1020307
1020393
1020438
1020562
1020731
1021122
1021264
1021733
1021780
1021957
1021958
1021991
1022179
1022243
1022321
1022355
1022400
1022819
1022898
1022992
1023107
1023181
1023264
1023503
1023507
1023529
1024056
1024104
1024113
1024256
1024326
1024364
1024473
1024558
1025001
1025321
1025412
1025475
1025760
1025786
1025929
1026045
1026309
1026329
1026514
1026531
1026565
1026683
1026702
1026992
1027162
1027568
1027808
1027912
1028263
1028758
1028799
1028806
1029118
1029350
1029426
1029443
1029468
1029482
1029535
1029618
1029645
1029677
1029808
1030228
1030254
1030365
1031007
1031216
1031302
1031393
1031476
1031521
1031559
1031680
1031694
1031918
1032173
1032401
1032610
1032611
1033171
1033358
1033462
1033564
1033679
1033692
1033888
1033924
1034220
1034530
1034911
1035221
1035936
1036147
1036498
1036502
1036548
1036653
1036684
1036734
1037826
1037846
1037934
1037995
1038171
1038240
1038815
1038825
1038847
1038862
1039215
1039631
1039663
1039813
1039931
1039983
1039984
1040018
1040156
1040182
1040482
1040524
1040584
1040613
1040638
1040649
1040732
1041053
1041130
1041178
1041218
1041259
1041512
1041663
1041746
1041781
1041958
1041974
1042371
1042416
1042460
1042480
1042670
1042806
1043046
1043255
1043536
1043872
1044387
1044451
1044502
1044564
1044705
1044731
1045019
1045098
1045472
1045491
1045684
1045752
1045897
1046093
1046100
1046354
1046443
1046581
1046615
1046636
1046947
1047053
1048187
1048662
1048735
1048759
1048793
1049058
1049207
1049641
1050099
1050312
1050450
1051141
1051480
1051575
1052143
1052404
1052521
1052656
1052706
1052876
1053353
1053383
1053504
1053523
1054201
1054425
1054667
1054808
1054820
1054838
1055029
1055073
1055124
1055295
1055372
1055401
1055486
1055674
1055699
1055789
1056007
1056111
1056115
1056119
1056158
1056185
1056256
1056402
1056445
1056804
1056865
1057286
1057334
1057854
1058094
1058218
1058791
1059029
1059040
1059252
1059318
1059786
1059891
1059892
1060019
1060386
1060932
1061337
1061386
1061402
1061424
1061704
1061818
1061892
1062007
1062037
1062038
1062484
1062552
1062688
1062832
1062856
1062879
1062895
1062937
1062940
1062966
1062970
1062971
1063020
1063034
1063124
1063158
1063390
1064279
1064517
1064555
1064575
1064780
1065119
1065132
1065138
1065312
1065323
1065374
1065584
1065631
1065672
1065673
1065687
1065755
1065782
1065813
1066129
1066175
1066510
1066769
1066779
1066813
1067251
1067337
1067460
1067568
1067619
1067815
1067816
1067956
1068505
1068693
1068939
1068984
1069203
1069239
1069266
1069287
1069758
1070058
1070274
1070348
1070458
1070528
1070609
1070624
1070751
1070851
1070919
1070940
1071043
1071055
1071743
1072012
1072071
1072212
1072288
1072481
1072495
1072918
1073047
1073197
1073221
1073337
1073380
1073469
1073571
1073604
1073635
1073747
1073832
1073860
1074155
1074305
1074564
1074594
1075137
1075250
1075254
1075362
1075405
1075591
1075648
1076176
1076326
1076432
1076631
1076636
1076704
1076722
1076827
1076849
1077375
1077562
1078402
1078415
1078474
1078526
1078605
1079074
1079144
1079229
1079381
1079845
1079970
1080194
1080284
1080376
1080431
1080449
1080543
1080650
1080766
1080839
1081304
1081390
1081597
1081805
1081932
1082036
1082315
