Tempo gasto: 1 milisegundos para ordenar 4000 elementos


9342
34453
39666
40951
54821
55239
57766
68414
74802
75922
77482
97773
102527
118120
136656
150937
183599
194621
200859
209025
219447
227024
230616
236801
241636
256930
270067
271750
274590
287223
296142
301197
309934
322719
325113
325333
327712
338438
339613
343721
348577
348747
353940
368573
374143
375434
378001
378586
397652
406726
406852
407579
408770
410242
412485
423502
429442
432537
441753
443598
451293
457208
462625
463726
466905
474725
475324
479663
484629
486114
487721
487806
488499
507025
510751
511221
512628
514870
515821
515970
533399
536884
541837
546396
546889
548675
548954
556079
557246
557715
557768
560544
562783
566511
568546
569891
570775
571017
573334
575399
575842
576854
580414
580425
581878
582824
584903
587868
591199
596860
600105
608717
615069
617069
619611
623743
626473
644315
644941
652380
653920
664514
673411
676690
677479
684231
698046
699063
709169
717269
718556
719931
723009
730998
732458
736101
747874
748307
748771
750299
751614
753328
753470
754364
762171
762776
770556
779192
788472
793550
794101
794418
797354
797567
797738
805527
806824
809731
809915
811631
815341
819076
819177
819342
821355
827062
831314
834029
850937
853571
860095
862983
864381
866781
867250
869689
874979
875029
875966
876345
877645
881354
884526
885462
896115
906229
906577
907452
908350
919458
921566
928576
947662
951230
960164
971103
971675
984455
992691
994435
996171
998569
1002081
1002368
1005201
1011513
1017520
1020236
1021264
1024104
1025412
1025475
1026514
1029426
1036502
1046947
1052143
1060932
1063034
1064279
1065631
1065687
1067956
1077562
1079144
1080194
1082583
1093684
1095558
1102821
1108235
1115710
1126225
1126705
1131374
1136038
1143342
1153572
1154909
1156239
1158222
1159253
1163234
1164838
1169859
1184128
1184632
1190478
1194434
1195730
1198923
1199916
1201717
1203164
1205406
1211052
1212353
1212673
1214540
1220859
1225548
1230495
1230698
1232327
1234220
1234896
1235441
1251616
1253640
1254018
1254457
1257369
1258300
1263863
1264009
1277299
1277622
1279568
1281310
1283894
1286875
1289708
1298054
1303078
1318079
1318680
1326357
1329814
1330663
1330959
1331931
1337954
1341469
1342423
1345439
1346665
1350066
1351671
1353599
1354520
1355033
1360037
1361778
1361857
1362202
1362350
1362366
1362466
1363359
1364907
1366225
1368034
1368596
1368681
1378108
1380283
1381312
1382929
1385113
1386044
1388924
1391616
1392717
1398589
1414977
1415296
1419068
1419931
1463976
1476530
1493359
1500975
1501442
1505284
1505420
1507660
1510218
1522444
1529759
1533043
1554770
1558463
1561788
1565133
1575999
1582585
1586666
1589531
1600199
1601137
1608518
1622024
1622105
1628692
1638909
1642719
1644053
1649087
1660333
1677418
1680054
1699968
1715064
1725709
1740481
1743670
1749697
1750613
1757089
1765993
1772615
1788777
1792833
1804124
1814186
1818001
1824817
1825089
1833214
1853461
1862480
1868658
1874734
1877539
1879667
1892377
1903610
1904417
1905386
1907739
1912591
1922217
1936253
1940333
1942211
1942897
1946298
1948050
1951690
1966005
1966339
1974182
1975475
1976573
1982003
1993380
1996197
2001167
2002811
2015038
2015570
2018332
2027859
2032337
2044215
2047760
2049390
2057696
2059610
2064381
2066248
2072755
2077225
2077350
2089134
2091136
2091821
2093251
2095760
2121252
2122799
2143210
2158437
2162849
2163213
2164819
2173803
2179012
2179213
2181438
2184600
2193069
2209997
2213608
2231307
2232186
2235578
2236439
2247872
2249308
2258145
2264948
2270231
2276319
2276409
2276911
2280042
2282705
2288652
2293616
2306075
2306704
2324292
2325134
2342686
2351457
2360822
2370385
2375453
2384250
2389117
2393827
2399139
2399823
2402807
2412116
2414596
2417582
2424185
2428725
2437093
2440697
2447245
2488717
2492399
2492461
2500113
2503762
2508620
2535408
2563386
2610464
2611060
2612592
2615923
2616011
2617256
2623657
2647034
2651460
2652002
2659900
2673356
2673551
2689157
2690924
2699698
2702205
2717904
2721232
2733150
2733207
2736222
2741348
2749609
2749954
2750782
2752975
2753157
2776656
2779827
2787185
2788122
2789020
2807053
2815131
2828062
2828150
2832707
2834499
2835459
2840718
2843683
2853344
2854093
2854515
2855366
2864244
2864617
2870713
2874271
2874942
2879087
2879827
2881209
2881658
2882373
2885575
2885732
2887310
2893116
2893288
2894331
2900363
2902789
2912989
2922947
2923593
2923801
2934680
2937607
2962085
2968924
2985029
2987301
2995800
2996009
3000405
3001748
3017565
3023811
3025526
3025911
3030915
3033765
3050615
3057393
3058977
3063827
3063849
3064924
3067518
3068498
3070985
3072377
3076637
3076865
3078982
3080501
3087414
3088950
3091333
3098498
3107925
3109849
3110347
3112073
3117628
3117772
3118009
3141983
3144164
3164039
3171493
3179367
3180250
3181747
3191423
3199619
3203026
3203695
3206338
3206928
3212262
3215245
3222624
3227122
3237092
3244594
3254430
3255116
3261742
3263249
3269034
3274124
3280278
3280858
3281048
3285908
3292119
3292151
3292597
3294465
3305499
3308644
3310494
3312907
3313285
3321601
3322709
3323579
3333333
3346101
3350289
3351546
3356771
3358164
3360309
3362454
3367326
3367761
3383443
3384225
3397318
3398289
3399898
3407090
3407569
3413033
3413312
3430844
3431475
3437967
3445759
3459809
3465953
3470422
3470909
3476249
3476960
3477910
3478870
3487818
3490613
3494148
3502504
3504079
3505366
3510308
3518823
3520191
3523624
3526598
3531566
3537296
3537668
3549841
3551243
3556156
3557640
3561647
3562428
3566487
3567156
3568254
3569532
3575310
3577522
3579435
3584785
3589938
3600767
3601816
3602240
3602833
3609924
3619136
3623582
3630116
3633252
3651083
3652103
3658459
3670346
3680875
3681944
3691272
3693709
3694189
3700326
3708380
3709695
3710537
3713569
3715127
3722595
3730373
3736614
3740168
3774165
3777374
3778727
3785057
3785347
3804941
3810613
3811219
3817420
3826186
3838884
3844273
3871169
3876683
3880793
3886990
3910174
3923956
3928062
3939233
3957544
3960199
3964215
3966663
3974737
3980130
3988683
3991350
3992757
3992798
3998234
4008153
4009333
4009545
4021336
4028703
4044607
4048871
4055674
4058885
4061849
4065107
4073301
4074436
4078642
4080832
4091765
4103740
4104102
4111071
4125643
4128741
4132978
4133072
4141934
4144214
4152785
4157461
4160079
4175704
4184773
4186463
4202124
4206536
4217005
4229424
4239905
4253617
4266457
4283379
4289184
4307635
4308103
4308138
4315991
4319894
4321897
4345452
4345550
4346793
4347056
4350070
4353357
4354606
4356427
4360138
4377079
4381425
4385903
4392236
4401700
4409962
4409994
4414769
4415132
4416640
4425846
4428101
4435815
4443467
4444195
4450666
4452537
4453356
4455004
4457247
4461260
4461376
4461412
4462262
4466640
4467628
4468194
4473010
4479260
4480574
4482903
4489971
4492740
4508140
4514004
4515628
4522795
4529204
4530874
4535547
4536979
4543760
4550705
4568741
4569873
4571126
4571434
4580762
4583944
4585680
4599179
4599758
4601494
4603143
4609795
4615132
4641553
4656901
4659998
4667455
4668775
4675587
4677624
4687116
4688145
4692372
4696099
4697300
4703775
4704267
4705214
4705462
4708678
4709089
4711721
4716092
4716640
4717792
4722419
4725963
4728328
4731727
4735236
4739885
4742022
4744842
4753197
4765022
4766116
4766761
4766765
4773013
4773032
4790423
4791918
4791925
4793055
4804383
4805327
4808393
4809402
4823428
4827827
4828170
4828217
4835548
4841125
4843596
4853891
4859989
4864719
4871016
4880464
4880641
4884557
4900956
4904841
4907084
4912073
4923633
4934481
4936400
4944452
4944590
4944891
4958564
4962230
4962795
4963364
4969806
4992753
4999668
5003224
5014635
5027843
5043194
5065855
5091842
5098260
5108844
5111602
5112640
5120215
5148373
5152832
5155394
5159335
5168420
5179449
5189161
5189507
5193833
5193949
5203163
5210145
5210562
5215723
5216981
5217824
5227779
5233617
5234349
5239782
5257382
5260557
5263507
5266569
5267624
5276453
5282786
5286117
5286376
5289434
5290803
5294791
5295973
5307851
5312245
5314839
5323013
5343399
5360567
5392341
5398809
5405062
5429027
5438771
5440939
5445666
5457053
5468980
5484208
5485262
5486890
5487865
5493274
5493787
5497786
5497931
5498564
5503264
5505121
5507666
5515516
5515531
5539538
5541201
5552751
5553363
5554779
5560341
5566391
5568597
5575782
5579404
5588561
5594686
5600640
5601653
5609074
5613229
5625382
5634096
5639686
5640787
5647765
5650752
5651462
5656472
5663210
5663741
5665168
5674960
5676300
5677199
5679488
5679982
5680537
5681532
5691466
5699532
5700591
5704959
5716300
5717198
5723521
5748536
5752076
5752524
5752590
5753358
5754388
5780932
5781461
5791186
5792647
5792807
5794029
5800676
5802784
5804113
5811295
5814840
5814961
5817926
5831552
5831655
5833233
5845908
5846592
5857069
5862381
5865961
5879293
5881818
5889135
5898187
5899522
5908352
5910106
5911103
5914055
5924609
5926746
5944849
5950157
5953580
5962015
5962078
5964249
5968012
5973549
5975572
5985960
5986932
5993610
5995941
5998015
5998400
5998911
5998927
5999409
6003504
6022787
6023154
6023495
6024288
6024707
6025081
6025219
6026096
6037234
6037545
6038703
6039305
6042757
6048651
6048718
6052673
6057158
6058028
6062960
6070831
6073079
6085750
6096518
6098137
6113551
6117583
6138368
6143152
6174718
6184846
6188274
6189945
6194546
6194748
6195516
6196542
6197083
6197982
6197994
6198977
6200415
6204517
6204578
6206000
6207071
6207589
6210740
6211059
6218787
6220590
6221104
6222097
6225458
6225635
6229512
6234722
6237482
6241100
6244381
6252149
6259468
6260117
6268747
6273529
6274536
6274708
6278981
6287220
6290247
6296733
6298024
6309021
6310335
6314568
6331548
6336031
6342871
6342971
6342989
6344599
6346561
6349594
6354931
6361045
6368645
6384150
6393647
6395019
6396008
6396307
6407918
6412997
6415274
6416940
6417172
6439834
6451272
6455477
6460564
6465978
6472168
6486356
6488873
6490778
6496842
6499318
6508652
6512202
6518420
6520357
6522746
6524050
6526751
6532326
6533050
6541176
6542767
6547259
6550846
6553809
6557927
6565679
6573201
6587317
6599882
6601256
6607284
6609655
6612250
6617509
6620777
6622554
6624062
6625358
6636622
6643211
6654569
6657057
6666099
6672585
6679815
6685699
6688630
6696241
6703907
6720608
6728930
6739175
6739244
6742226
6745996
6753603
6755931
6760876
6762635
6771841
6772138
6774588
6781344
6794066
6802749
6815692
6819906
6824713
6825548
6832319
6836533
6842929
6846774
6847618
6850982
6859333
6863181
6863593
6867813
6877600
6894345
6895079
6897854
6899802
6907118
6907485
6909565
6920785
6933634
6938720
6962117
6962121
6962199
6965691
6978700
6982884
6983381
6984978
6992525
6997372
6998098
6998335
7000183
7003029
7016293
7027668
7032887
7037545
7039478
7039547
7042289
7042767
7043967
7045523
7058091
7060537
7061970
7062001
7068049
7079744
7098046
7099422
7099850
7103994
7122845
7131478
7145027
7151422
7167389
7171653
7178563
7185239
7185725
7210837
7216654
7216775
7220024
7220419
7225587
7225849
7232913
7240013
7241307
7245079
7254156
7262973
7263348
7268641
7272144
7272487
7281084
7315998
7316196
7340820
7347323
7352856
7354358
7356721
7357735
7357881
7357963
7364217
7371229
7377966
7380242
7385086
7385893
7386260
7386662
7387415
7390430
7391665
7392764
7395414
7409443
7413284
7413682
7420529
7424074
7426930
7429205
7432368
7446745
7450283
7465081
7474143
7478860
7485149
7490806
7510273
7514695
7515052
7530578
7538665
7550801
7555145
7590131
7602050
7604032
7605989
7607362
7607907
7610545
7613198
7630390
7641553
7649056
7661444
7667305
7669693
7673056
7688691
7702722
7704477
7706049
7707531
7707984
7713939
7718943
7722947
7727250
7728000
7736961
7737916
7738022
7739970
7754556
7770058
7785405
7816943
7839302
7842021
7861573
7870434
7909525
7926135
7945080
7946445
7977468
7994196
7997273
8006501
8019935
8051714
8052004
8062157
8064477
8071039
8095714
8100533
8102244
8103391
8104884
8112924
8121197
8122486
8136227
8146081
8166244
8171127
8197197
8199688
8209210
8218584
8219003
8232271
8239099
8251470
8272127
8285138
8289096
8301105
8320665
8322604
8337512
8356404
8358228
8358854
8359159
8368790
8375703
8376993
8377390
8380009
8380104
8388736
8390122
8394085
8396468
8408743
8409148
8412504
8414428
8417867
8421830
8426724
8435033
8440676
8443931
8453575
8460399
8479435
8480519
8480877
8484250
8484343
8492205
8494710
8495250
8495295
8495380
8495506
8498204
8500259
8500822
8501212
8502260
8518759
8522839
8525469
8530665
8537243
8538842
8544859
8573026
8593946
8595542
8595575
8609610
8620766
8623401
8631618
8640213
8656542
8657068
8658610
8670791
8679400
8685505
8686675
8691820
8716052
8718111
8724670
8728028
8750138
8759293
8759332
8773494
8780105
8787757
8795378
8809056
8820477
8822517
8855296
8862585
8872163
8891222
8897353
8897616
8903974
8907390
8911105
8914494
8917821
8939053
8939397
8946279
8947003
8956031
8959856
8978247
8979682
8985288
8990528
8991792
9006482
9010278
9045088
9053808
9055056
9057376
9072650
9087465
9101974
9108491
9127335
9130190
9142663
9143239
9149417
9161452
9164031
9164152
9166757
9168666
9177773
9180143
9182752
9183994
9184179
9185075
9185933
9193359
9196055
9208275
9208504
9213492
9214780
9225066
9226048
9238481
9244024
9244482
9248025
9270346
9271939
9308791
9328160
9341799
9342314
9343103
9353416
9353769
9367678
9375897
9376203
9388859
9403355
9419199
9422714
9427259
9430172
9431424
9432549
9443273
9446189
9457606
9459633
9466839
9467975
9469940
9481611
9482539
9485598
9498617
9499649
9500785
9508034
9524652
9530665
9535706
9539078
9542014
9558677
9586032
9587460
9601858
9605317
9605683
9620313
9638757
9643838
9648477
9658556
9658739
9673107
9710648
9710903
9723546
9725518
9747345
9755087
9761763
9765893
9766579
9768610
9773867
9792997
9802361
9809859
9830334
9835515
9835614
9835690
9841972
9842011
9842022
9842034
9842051
9847138
9847368
9854184
9854424
9856791
9860717
9873592
9873881
9911636
9912880
9918496
9921382
9923574
9925694
9932008
9934932
9949501
9962282
9962558
9962640
9964322
9982576
9987340
9987796
10010861
10016909
10019997
10031995
10032107
10032640
10045896
10047973
10049291
10100493
10110180
10118452
10120355
10129961
10134549
10135380
10141384
10187638
10214849
10240021
10257468
10258889
10263307
10265594
10277998
10278906
10279603
10291568
10292229
10322322
10325848
10325974
10334025
10350815
10358148
10360343
10372346
10373349
10380940
10401271
10401878
10424951
10445062
10451980
10454174
10461161
10480504
10497778
10505039
10513315
10514728
10533152
10533563
10539758
10542054
10554008
10555952
10578951
10579732
10580564
10582543
10585405
10586287
10616995
10633304
10640525
10647235
10667430
10669323
10672507
10694718
10696686
10700852
10716513
10725859
10744247
10769269
10774958
10802438
10814894
10814996
10818785
10834801
10855097
10870115
10881963
10892442
10897584
10906711
10915067
10930100
10955759
10956183
10959630
10963615
11016810
11019917
11025426
11026964
11027890
11030001
11033189
11051912
11052161
11055672
11056591
11080181
11112283
11122880
11129563
11130399
11131065
11133275
11136200
11136680
11145318
11152486
11156887
11165802
11171015
11172196
11173603
11173843
11176950
11176969
11180258
11196371
11206770
11208586
11215532
11225401
11230163
11248960
11252697
11256250
11265543
11266443
11266759
11267272
11270024
11274507
11278347
11307361
11310676
11311046
11312005
11321552
11336871
11356285
11371459
11374706
11381479
11385244
11390665
11392477
11405185
11407274
11412291
11424358
11439686
11448309
11455210
11467646
11493893
11502110
11502492
11505726
11510356
11516504
11522022
11524608
11524672
11539152
11559458
11565570
11580876
11581491
11583603
11587283
11598677
11598776
11599458
11600615
11605254
11615086
11615774
11619209
11629013
11636190
11639313
11643796
11645186
11646531
11646839
11647908
11650709
11651567
11663141
11666519
11668262
11672442
11683806
11684366
11687274
11687702
11691647
11692615
11693232
11698527
11702950
11704253
11707247
11710048
11718379
11755351
11765694
11771527
11772801
11780934
11781279
11785338
11785339
11794679
11796582
11804866
11805780
11807497
11811465
11815308
11823288
11833168
11884456
11888442
11895850
11901038
11903232
11903818
11905291
11915075
11915617
11915726
11916110
11920492
11924432
11940008
11940489
11952048
11953214
11954332
11960966
11972971
11975744
11977373
11977566
11996690
11998983
12007431
12013139
12016574
12024940
12045204
12047806
12062257
12065113
12065767
12079130
12086934
12103865
12104901
12117690
12118573
12123672
12133376
12145931
12150107
12161696
12169903
12187310
12188054
12194570
12202342
12204814
12223030
12227557
12239905
12242761
12244645
12246683
12257539
12260479
12266798
12278586
12279792
12284568
12291411
12297745
12303935
12313463
12319934
12322644
12338638
12340851
12355517
12355701
12360734
12363854
12372648
12395723
12398690
12400947
12401116
12414133
12419959
12423521
12428233
12429307
12437783
12438481
12439461
12440458
12465173
12477335
12480162
12484402
12488408
12490398
12503766
12505796
12507137
12510625
12530928
12543144
12557767
12564193
12581378
12584603
12584700
12588228
12596757
12599999
12602447
12634400
12640151
12640281
12665829
12666306
12668301
12674985
12675115
12678793
12680147
12694769
12697519
12700315
12701703
12705375
12709127
12718589
12725313
12727026
12727560
12737745
12749889
12752584
12776592
12786616
12800822
12801070
12801365
12802455
12805100
12810933
12816818
12826279
12831149
12831349
12840626
12849020
12857967
12870687
12875601
12881511
12894998
12895647
12901088
12906633
12907414
12908432
12920001
12925043
12925912
12927357
12937452
12940346
12953414
12958132
12964841
12965301
12965649
12967271
12970056
12976064
12976100
12977655
12982854
12993888
12994171
12994891
13007934
13010041
13011007
13013675
13017630
13036079
13040012
13043171
13044049
13051365
13055160
13061104
13062488
13067164
13069328
13077651
13080857
13083765
13089108
13089646
13090001
13092904
13093872
13096163
13097873
13103377
13104344
13106639
13111693
13122346
13127206
13131511
13136578
13137130
13140012
13146717
13148585
13159001
13159002
13159283
13160739
13166229
13167238
13168560
13172802
13175810
13178209
13178301
13184161
13184211
13188175
13189382
13194163
13195166
13195667
13196479
13198070
13198400
13204472
13205578
13205792
13216540
13217193
13219192
13220155
13220851
13226525
13226760
13230887
13232227
13243111
13245047
13245209
13246663
13256282
13260829
13261365
13264535
13268393
13268523
13284766
13288038
13288393
13288667
13292192
13311846
13320363
13326032
13330999
13346260
13350460
13355531
13356132
13363089
13365316
13367109
13376081
13381837
13384111
13396309
13401909
13405268
13408742
13410508
13413213
13414434
13420986
13426186
13426626
13428842
13435509
13435614
13436883
13439081
13439840
13453950
13455457
13458107
13458695
13464285
13464901
13471793
13471854
13482988
13489341
13500350
13504442
13510277
13512826
13516786
13518781
13535433
13542391
13547226
13553853
13559056
13559329
13567685
13574161
13576962
13586320
13594350
13594590
13595509
13602368
13612448
13613194
13615400
13615816
13616623
13620030
13620854
13631951
13632601
13648373
13650421
13652350
13652959
13658093
13661822
13670403
13672080
13673163
13674140
13684876
13705361
13705653
13708180
13710534
13710863
13712915
13717977
13722375
13724880
13726512
13728894
13737908
13744813
13754655
13756545
13758653
13759175
13759316
13760159
13765256
13766270
13771569
13773810
13778318
13780685
13781217
13782311
13789891
13794099
13794754
13795500
13820533
13820679
13823445
13823991
13832427
13838346
13851953
13858683
13859127
13869390
13869757
13870332
13870937
13874851
13880099
13888010
13890365
13891338
13893101
13903797
13905496
13905940
13907185
13907335
13908117
13914050
13917957
13920684
13929913
13951290
13954233
13964862
13965378
13985046
13988375
14002544
14003386
14008886
14009381
14018052
14020181
14022627
14033165
14034067
14050002
14063293
14065739
14080132
14080303
14082512
14083211
14083768
14096354
14098678
14115721
14117445
14124736
14132280
14133119
14134621
14153525
14164337
14177203
14178982
14180651
14184115
14192602
14202390
14203059
14207810
14209453
14210395
14210464
14214509
14220940
14223171
14224185
14228939
14231289
14231343
14242591
14243145
14244978
14246809
14252425
14257504
14260420
14274349
14274382
14274940
14279510
14280215
14280955
14296039
14307524
14311226
14326144
14328535
14328782
14345741
14365544
14365998
14368316
14370697
14372019
14378848
14379670
14379894
14381111
14384488
14391831
14411392
14413629
14416677
14417600
14423327
14436173
14441170
14441845
14442052
14442510
14443693
14443971
14448275
14448502
14451745
14451853
14477701
14493595
14499478
14500491
14518858
14532031
14540984
14546812
14555783
14560096
14585269
14589258
14592310
14602542
14604362
14608565
14611827
14613113
14640140
14656596
14660527
14663116
14665712
14670634
14700053
14703112
14704470
14704682
14705624
14706922
14713811
14717583
14720949
14735584
14737599
14753339
14767385
14767517
14767551
14767627
14768063
14770792
14798132
14813052
14815235
14816222
14818356
14828365
14831767
14831820
14831861
14832072
14836096
14836172
14844876
14847863
14850173
14851019
14852413
14881828
14892246
14904581
14905997
14907620
14909699
14912640
14919968
14928023
14929445
14932267
14939352
14941473
14942063
14943455
14943643
14955527
14956404
14959998
14963469
14970910
14972201
14973133
15014376
15024691
15029546
15029587
15030616
15033079
15033910
15046711
15049962
15051992
15054418
15066779
15072404
15078151
15080761
15085451
15090539
15091346
15092836
15095725
15098558
15111499
15119482
15120016
15122538
15124570
15131768
15131991
15133392
15134245
15135872
15139707
15140083
15154829
15155607
15156153
15157047
15159485
15160363
15160441
15160508
15162595
15162647
15162689
15162721
15164889
15164928
15169855
15178185
15189601
15222771
15225220
15228048
15231210
15236801
15245614
15246780
15255652
15270447
15272626
15321000
15325169
15346338
15350009
15350516
15363337
15364939
15365169
15368925
15371072
15371173
15371483
15372092
15391556
15393804
15396217
15404502
15404649
15406714
15408113
15415208
15418132
15418965
15425470
15426937
15428304
15430032
15443311
15448481
15459834
15462146
15463504
15478595
15479379
15479514
15486715
15490298
15510770
15519675
15526705
15534921
15538637
15543080
15543433
15547620
15581162
15582670
15585926
15595553
15595772
15598321
15606520
15606524
15606888
15607412
15610058
15610921
15611841
15612004
15612845
15612970
15618543
15630134
15637726
15640166
15640620
15645028
15645613
15651138
15652281
15656918
15658427
15669178
15669229
15671134
15671382
15673375
15693975
15694957
15698486
15699136
15703788
15705796
15707570
15711297
15717623
15723876
15726634
15745413
15750409
15755044
15779251
15783031
15783996
15790623
15792886
15795843
15798612
15799472
15815306
15817253
15818723
15826210
15830649
15830879
15837099
15838363
15852840
15853678
15866612
15869101
15879835
15881622
15893214
15893336
15895635
15911059
15919702
15921131
15934036
15939465
15946024
15948478
15962308
15965854
15966344
15968645
15977088
15979651
15980278
15980482
15985209
15985382
15990057
15998601
16009686
16013417
16017138
16021973
16022467
16024375
16026096
16032537
16033790
16036397
16052088
16075074
16075737
16077687
16078788
16078978
16079831
16091473
16093536
16103729
16109413
16115745
16116355
16117580
16118688
16120952
16122536
16134555
16143748
16154700
16155469
16177968
16183162
16196397
16197030
16209465
16211711
16222687
16227398
16233639
16236651
16237334
16237438
16237577
16240571
16249852
16266177
16267950
16269760
16273686
16278048
16283670
16292649
16295255
16299481
16305477
16306361
16307100
16309255
16309962
16312420
16312496
16321865
16326530
16341223
16344274
16350749
16350777
16354229
16356833
16363001
16365666
16374602
16376509
16376552
16376607
16385121
16389541
16390535
16391787
16399168
16405327
16417636
16436425
16438599
16454370
16458222
16463917
16465959
16472620
16473719
16491175
16495491
16496010
16504256
16504872
16524261
16524410
16525302
16525783
16525836
16526206
16533921
16538018
16538272
16539004
16544000
16549879
16551761
16553332
16569229
16575432
16583430
16595004
16607053
16614904
16627883
16628679
16630932
16642628
16643918
16645979
16656866
16678391
16689761
16697776
16706798
16718820
16718860
16727142
16734030
16735553
16744299
16745759
16789585
16817480
16817978
16820906
16821964
16822827
16828358
16849219
16852946
16870725
16901528
16904298
16905683
16905973
16906036
16907674
16911631
16934701
16937129
16942832
16945578
16952376
16953898
16970564
16971179
16974822
17003238
17036328
17051887
17073768
17102138
17118376
17120340
17132406
17133233
17133527
17148315
17148358
17148410
17149515
17150183
17160791
17165929
17171657
17175178
17179655
17180914
17183099
17185041
17196598
17197886
17207186
17207621
17209751
17213604
17219173
17238395
17243525
17249679
17259365
17259492
17261850
17273639
17274456
17278419
17282238
17300254
17305385
17309989
17312625
17321096
17322881
17351650
17359771
17369914
17376843
17381221
17409682
17418625
17426756
17429606
17430522
17432320
17434022
17434663
17438832
17444227
17457534
17458663
17460874
17468828
17469154
17470551
17472458
17475423
17477446
17486259
17495740
17497500
17519198
17521992
17523424
17524957
17528402
17529150
17529489
17535131
17537044
17540122
17542781
17542840
17543266
17544016
17562216
17579290
17583579
17584500
17587240
17588602
17589129
17597674
17604979
17607151
17613790
17613791
17620061
17623080
17630233
17631478
17634853
17651353
17660247
17668084
17672310
17696358
17698984
17708247
17711446
17712782
17723714
17730892
17735251
17744261
17744569
17746348
17747432
17757555
17762855
17771339
17783799
17807553
17826830
17832115
17836435
17846198
17847120
17854082
17859378
17864997
17872085
17872509
17874315
17893074
17894865
17896965
17898044
17898692
17899454
17913012
17913233
17915378
17916495
17917220
17932092
17933411
17936866
17938025
17951470
17951547
17951783
17952212
17953518
17953934
17955258
17966380
17967448
17968439
17971320
17983676
17985920
17986382
17988821
17999913
18013579
18014073
18014953
18015005
18015134
18016497
18017454
18019924
18027751
18032840
18034377
18035441
18043422
18046311
18054422
18061039
18064066
18064196
18064336
18066047
18066127
18066945
18067410
18083670
18084257
18086547
18089209
18090631
18100385
18100913
18104332
18105856
18115633
18118944
18119977
18130365
18132057
18132748
18133601
18135937
18143096
18147361
18147578
18150354
18155584
18157794
18167864
18172301
18172648
18174105
18178435
18187676
18187972
18188856
18200592
18204680
18208799
18209211
18209757
18218378
18220938
18221881
18235479
18251356
18261659
18267738
18270854
18277007
18278764
18284761
18287704
18288580
18302907
18303331
18305406
18306365
18308111
18320154
18321415
18329363
18334482
18339384
18340327
18341665
18344930
18348422
18350948
18354595
18355155
18368249
18369140
18369322
18378199
18379978
18381711
18382585
18385589
18389579
18400694
18405619
18417961
18418209
18426475
18435030
18435992
18438092
18440464
18443443
18448430
18468783
18469973
18471327
18478556
18481134
18482656
18485832
18492779
18494325
18497032
18498086
18500221
18500441
18501139
18502368
18505329
18513352
18513353
18515453
18517232
18520412
18523665
18531047
18532074
18532160
18532779
18534242
18537937
18540503
18542276
18542848
18543119
18543250
18543450
18543479
18543495
18552309
18553072
18556965
18558443
18582202
18595570
18596802
18598397
18610419
18623262
18627235
18627838
18627941
18628217
18634560
18640850
18644582
18645632
18647093
18653587
18660456
18670894
18678277
18679358
18681316
18683509
18684438
18686305
18691419
18691747
18691947
18692513
18692619
18692724
18693833
18694533
18694708
18695420
18695685
18696280
18696445
18697829
18698780
18698936
18707491
18709683
18712457
18713639
18715662
18717960
18718488
18727727
18729856
18732317
18734060
18740002
18740872
18743064
18745056
18749818
18751705
18763413
18763423
18765550
18766256
18766838
18779803
18784923
18807254
18815175
18817417
18822553
18825283
18832404
18832800
18840617
18844110
18848040
18848275
18848446
18850632
18851160
18859896
18870266
18874196
18880572
18886525
18887431
18889146
18891027
18899905
18900086
18900954
18902721
18904372
18905117
18906759
18908188
18908591
18922045
18922502
18922614
18923803
18927124
18939525
18944114
18945477
18947626
18951974
18954527
18956180
18969290
18973434
18975885
18981582
18983408
18987491
18996379
19003453
19004222
19005119
19005392
19005727
19010147
19014552
19015537
19029817
19031630
19032955
19036827
19041543
19044702
19048013
19052307
19060792
19061392
19065584
19067117
19067216
19067719
19068065
19068590
19077563
19079243
19080900
19088236
19093189
19093406
19093943
19095974
19111120
19111274
19111650
19112330
19114116
19117102
19118607
19119244
19120667
19124837
19130013
19133470
19136806
19136979
19139480
19140226
19153436
19165802
19167346
19170903
19171151
19172239
19173941
19174687
19176235
19181575
19184798
19184979
19188908
19193632
19194291
19196473
19200792
19202396
19216815
19217493
19218564
19218806
19219423
19225688
19229467
19233650
19238096
19240877
19242257
19243655
19251048
19253643
19255212
19257110
19259128
19260040
19261591
19262203
19262380
19264417
19269826
19271291
19279730
19279824
19282069
19283453
19293033
19294443
19300475
19301399
19303103
19307316
19311851
19312022
19320272
19321233
19321707
19321920
19322332
19322670
19324196
19326108
19337063
19341708
19341951
19344021
19351484
19355721
19356483
19361594
19373778
19374054
19376243
19381638
19382945
19382997
19384315
19386853
19390600
19392263
19393136
19393651
19394094
19399125
19401590
19417050
19419077
19421421
19421999
19424902
19428808
19429585
19433952
19434928
19444807
19450695
19451284
19463468
19463676
19465410
19466964
19468158
19468942
19471800
19481371
19481978
19482422
19482593
19482795
19483917
19484617
19487337
19487346
19492506
19494599
19495473
19495978
19509764
19509788
19511279
19511953
19514062
19516502
19518859
19534503
19536546
19538064
19538405
19539834
19544073
19544125
19545187
19547707
19554382
19557872
19559297
19560032
19560871
19561142
19561452
19564157
19564746
19565890
19569241
19572972
19578990
19579915
19580334
19582440
19582548
19583892
19584796
19585034
19587139
19588305
19590950
19592456
19597315
19599650
19602812
19608390
19613973
19620527
19627977
19629857
19637483
19647568
19649520
19649826
19654420
19657273
19659553
19666367
19669546
19670124
19672337
19678679
19690730
19691601
19692176
19697466
19707108
19707714
19708429
19708887
19710965
19714995
19719617
19723074
19723426
19729219
19729907
19731027
19731190
19734852
19739438
19740704
19740812
19741162
19742816
19751241
19751420
19754520
19757515
19757990
19758280
19761259
19762225
19762561
19763838
19772467
19775141
19775663
19776150
19779613
19782520
19783691
19786628
19792272
19795939
19797736
19797868
19803138
19807056
19807132
19807652
19808938
19816917
19819168
19820333
19821527
19821565
19822097
19827044
19828179
19838840
19840047
19844618
19851367
19851387
19851574
19851822
19857633
19866000
19866531
19867063
19867528
19868823
19875063
19875609
19886426
19901210
19901853
19903973
19904076
19904121
19908347
19909881
19918879
19918971
19919983
19923419
19923504
19923619
19924252
19925057
19929699
19929915
19931573
19935013
19939853
19940401
19940733
19942174
19947553
19956095
19956428
19956695
19956885
19957425
19957594
19958075
19958770
19961947
19965282
19966056
19966439
19967039
19973338
19975035
19975166
19975489
19975568
19975753
19979364
19981362
19983006
19983276
19985121
19988960
19991108
19991223
19994746
19994829
19994887
19995229
19996479
19997781
19998701
20002692
20005885
20006466
20006653
20007897
20008905
20010058
20011660
20012669
20013345
20021318
20022170
20022214
20022568
20022778
20022813
20022980
20025349
20025608
20030743
20030989
20031430
20034082
20034221
20041373
20041421
20042318
20042342
20042565
20042667
20042973
20043257
20043258
20044187
20044221
20044575
20044882
20045936
20046144
20046224
20046228
20047251
20047285
20047859
20047870
20048788
20049177
20050163
20050786
20051181
20051739
20051914
20052433
20052666
20052961
20053162
20053183
20054488
20054803
20055040
20059051
20059304
20059831
20060027
20060287
20060579
20060903
20061098
20061113
20061154
20061508
20061577
20062152
20062178
20062183
20062683
20062891
20063170
20063925
20063950
20064027
20064574
20064663
20064693
20065846
20066142
20066196
20066340
20066423
20066502
20066620
20066841
20067216
20067287
20067978
20068075
20068189
20068555
20069133
20069177
20069319
20069609
20069715
20069778
20070246
20071766
20072191
20072657
20076895
20077752
20077879
20079258
20079379
20079580
20079611
20079687
20080026
20080088
20080163
20080401
20080540
20080647
20080977
20081006
20081270
20081454
20081770
20081849
20082221
20082465
20083728
20083840
20083874
20083877
20084045
20084073
20084809
20085079
20085638
20085646
20085688
20085816
20086028
20086332
20086375
20086449
20086569
20086626
20087139
20087387
20088007
20088171
20089270
20089504
20089513
20089832
20089890
20090269
20090276
20090287
20090501
20090540
20090855
20092075
20092212
20092511
20092536
20092560
20092619
20092707
20092804
20095192
20096720
20096897
20097421
20097691
20097791
20097917
20101138
20103085
20103441
20105208
20106210
20108300
20110595
20112444
20112686
20112736
20112852
20113360
20115250
20115385
20115848
20115876
20116210
20116471
20116483
20116598
20116618
20118151
20118384
20118804
20118920
20119011
20119252
20119260
20119268
20119618
20119683
20119738
20119958
20120419
20120439
20120516
20120729
20120893
20120971
20121017
20121039
20121075
20121171
20121897
20122045
20123260
20123296
20123878
20124171
20124263
20125837
20126266
20128235
20128356
20128499
20128523
20128720
20128734
20128773
20128806
20128977
20128994
20129034
20129168
20129316
20129607
20129630
20129645
20129747
20129835
20129863
20129895
20129998
20130011
20130292
20130653
20130826
20130965
20130992
20131158
20131177
20131294
20131386
20131394
20131402
20131764
20131798
20131834
20131860
20132057
20132264
20132312
20132334
20132378
20132392
20132493
20132506
20132513
20132542
20132582
20132929
20133457
20133559
20133729
20133921
20134308
20134375
20134503
20134541
20134722
20134732
20134898
20134899
20135100
20135133
20135807
20135914
20135942
20136036
20136168
20136180
20136201
20137021
20137064
20137174
20137342
20137506
20137516
20137520
20137612
20138083
20141612
20142268
20142492
20142774
20143125
20144084
